# burst start time 	 initial parameter guess 
090122037a	 118.919000	0.0 8.2940496401 -4.60517018599 0.83 9.21034037198 0.87 11.512925465
090122037a	 121.745000	1.09861228867 8.2940496401 -4.60517018599 0.1 7.60090245954 0.8 8.98719682066
090122037a	 129.295000	0.69314718056 8.2940496401 -4.60517018599 0.83 8.51719319142 0.87 9.21034037198 0.92 8.85366542804 1.3 8.51719319142
090122037a	 135.406000	0.69314718056 8.2940496401 -3.50655789732 0.8 8.51719319142 1.0 8.00636756765
090122037a	 141.670000	0.69314718056 8.2940496401 -2.30258509299 0.9 7.60090245954 1.5 8.00636756765
090122037a	 142.298000	0.69314718056 8.2940496401 -2.30258509299 0.3 7.60090245954 0.9 8.00636756765
090122037a	 143.513000	0.69314718056 8.2940496401 -4.60517018599 0.82 8.85366542804 1.0 8.51719319142 1.32 9.47270463644
090122037a	 146.418000	0.69314718056 8.2940496401 -4.60517018599 0.3 8.51719319142 0.35 11.512925465
090122037a	 151.910000	0.69314718056 8.2940496401 -4.60517018599 0.8 8.51719319142 1.25 8.51719319142 1.4 8.51719319142 1.75 8.51719319142
