183.916839993	4
183.917839993	7
183.918839993	1
183.919839993	3
183.920839993	3
183.921839993	0
183.922839993	1
183.923839993	4
183.924839993	4
183.925839993	2
183.926839993	2
183.927839993	1
183.928839993	3
183.929839993	0
183.930839993	1
183.931839993	6
183.932839993	1
183.933839993	1
183.934839993	0
183.935839993	3
183.936839993	3
183.937839993	2
183.938839993	1
183.939839993	1
183.940839993	2
183.941839993	1
183.942839993	2
183.943839993	3
183.944839993	5
183.945839993	3
183.946839993	2
183.947839993	3
183.948839993	2
183.949839993	5
183.950839993	4
183.951839993	5
183.952839993	0
183.953839993	6
183.954839993	1
183.955839993	6
183.956839993	5
183.957839993	6
183.958839993	4
183.959839993	2
183.960839993	5
183.961839993	2
183.962839993	3
183.963839993	3
183.964839993	2
183.965839993	4
183.966839993	5
183.967839993	3
183.968839993	6
183.969839993	4
183.970839993	4
183.971839993	4
183.972839993	6
183.973839993	7
183.974839993	8
183.975839993	1
183.976839993	12
183.977839993	3
183.978839993	8
183.979839993	2
183.980839993	8
183.981839993	10
183.982839993	7
183.983839993	8
183.984839993	6
183.985839993	7
183.986839993	13
183.987839993	5
183.988839993	7
183.989839993	10
183.990839993	11
183.991839993	11
183.992839993	13
183.993839993	11
183.994839993	21
183.995839993	22
183.996839993	36
183.997839993	41
183.998839993	75
183.999839993	56
184.000839993	72
184.001839993	63
184.002839993	60
184.003839993	33
184.004839993	50
184.005839993	62
184.006839993	41
184.007839993	33
184.008839993	49
184.009839993	46
184.010839993	28
184.011839993	35
184.012839993	35
184.013839993	43
184.014839993	27
184.015839993	26
184.016839993	24
184.017839993	27
184.018839993	24
184.019839993	23
184.020839993	13
184.021839993	19
184.022839993	21
184.023839993	11
184.024839993	15
184.025839993	19
184.026839993	12
184.027839993	9
184.028839993	9
184.029839993	14
184.030839993	13
184.031839993	13
184.032839993	12
184.033839993	11
184.034839993	20
184.035839993	9
184.036839993	13
184.037839993	20
184.038839993	19
184.039839993	19
184.040839993	12
184.041839993	24
184.042839993	17
184.043839993	17
184.044839993	14
184.045839993	12
184.046839993	16
184.047839993	25
184.048839993	16
184.049839993	18
184.050839993	15
184.051839993	19
184.052839993	9
184.053839993	12
184.054839993	13
184.055839993	9
184.056839993	7
184.057839993	19
184.058839993	15
184.059839993	7
184.060839993	6
184.061839993	9
184.062839993	14
184.063839993	4
184.064839993	1
184.065839993	11
184.066839993	6
184.067839993	4
184.068839993	7
184.069839993	9
184.070839993	4
184.071839993	4
184.072839993	8
184.073839993	4
184.074839993	6
184.075839993	10
184.076839993	6
184.077839993	8
184.078839993	7
184.079839993	3
184.080839993	5
184.081839993	4
184.082839993	10
184.083839993	6
184.084839993	6
184.085839993	4
184.086839993	7
184.087839993	3
184.088839993	3
184.089839993	5
184.090839993	7
184.091839993	3
184.092839993	3
184.093839993	1
184.094839993	3
184.095839993	2
184.096839993	5
184.097839993	3
184.098839993	2
184.099839993	3
184.100839993	7
184.101839993	5
184.102839993	2
184.103839993	3
184.104839993	6
184.105839993	6
184.106839993	2
184.107839993	6
184.108839993	6
184.109839993	2
184.110839993	3
184.111839993	4
184.112839993	3
184.113839993	6
184.114839993	4
184.115839993	4
184.116839993	2
184.117839993	5
184.118839993	3
184.119839993	3
184.120839993	2
184.121839993	4
184.122839993	4
184.123839993	1
184.124839993	4
184.125839993	2
184.126839993	5
184.127839993	5
184.128839993	2
184.129839993	2
184.130839993	2
184.131839993	5
184.132839993	2
184.133839993	4
184.134839993	3
184.135839993	3
184.136839993	3
184.137839993	5
184.138839993	3
184.139839993	3
184.140839993	2
184.141839993	3
184.142839993	7
184.143839993	5
184.144839993	4
184.145839993	1
184.146839993	2
184.147839993	3
184.148839993	3
184.149839993	3
184.150839993	3
184.151839993	2
184.152839993	6
184.153839993	0
184.154839993	3
184.155839993	3
184.156839993	3
184.157839993	6
184.158839993	6
184.159839993	1
184.160839993	4
184.161839993	4
184.162839993	7
184.163839993	5
184.164839993	2
184.165839993	2
184.166839993	5
184.167839993	7
184.168839993	3
184.169839993	3
184.170839993	4
184.171839993	2
184.172839993	2
184.173839993	1
184.174839993	4
184.175839993	1
184.176839993	11
184.177839993	3
184.178839993	5
184.179839993	3
184.180839993	4
184.181839993	2
184.182839993	3
184.183839993	2
184.184839993	4
184.185839993	0
184.186839993	3
184.187839993	0
184.188839993	6
184.189839993	2
184.190839993	1
184.191839993	3
184.192839993	1
184.193839993	4
184.194839993	6
184.195839993	5
184.196839993	1
184.197839993	0
184.198839993	2
184.199839993	7
184.200839993	2
184.201839993	0
184.202839993	5
184.203839993	3
184.204839993	5
184.205839993	3
184.206839993	2
184.207839993	1
184.208839993	4
184.209839993	3
184.210839993	3
184.211839993	2
184.212839993	3
184.213839993	4
184.214839993	2
184.215839993	0
184.216839993	3
184.217839993	3
184.218839993	2
184.219839993	1
184.220839993	1
184.221839993	4
184.222839993	3
184.223839993	3
184.224839993	3
184.225839993	4
184.226839993	2
184.227839993	0
184.228839993	2
184.229839993	2
184.230839993	0
184.231839993	1
184.232839993	3
184.233839993	1
184.234839993	1
184.235839993	7
184.236839993	1
184.237839993	5
184.238839993	6
184.239839993	3
184.240839993	3
184.241839993	1
184.242839993	3
184.243839993	5
184.244839993	4
184.245839993	3
184.246839993	3
184.247839993	3
184.248839993	2
184.249839993	3
184.250839993	1
184.251839993	0
184.252839993	6
184.253839993	2
184.254839993	4
184.255839993	0
184.256839993	1
184.257839993	2
184.258839993	4
184.259839993	1
184.260839993	3
184.261839993	5
184.262839993	2
184.263839993	1
184.264839993	4
184.265839993	2
184.266839993	1
184.267839993	6
184.268839993	3
184.269839993	1
184.270839993	2
184.271839993	3
184.272839993	3
184.273839993	0
184.274839993	1
184.275839993	4
184.276839993	2
184.277839993	2
184.278839993	7
184.279839993	2
184.280839993	1
184.281839993	2
184.282839993	2
184.283839993	1
184.284839993	6
184.285839993	3
184.286839993	2
184.287839993	4
184.288839993	3
184.289839993	3
184.290839993	1
184.291839993	3
184.292839993	4
184.293839993	2
184.294839993	5
184.295839993	5
184.296839993	4
184.297839993	0
184.298839993	3
184.299839993	2
184.300839993	1
184.301839993	5
184.302839993	5
184.303839993	8
184.304839993	5
184.305839993	1
184.306839993	4
184.307839993	3
184.308839993	1
184.309839993	5
184.310839993	5
184.311839993	7
184.312839993	3
184.313839993	10
184.314839993	1
184.315839993	3
184.316839993	4
184.317839993	5
184.318839993	6
184.319839993	2
184.320839993	4
184.321839993	0
184.322839993	4
184.323839993	2
184.324839993	2
184.325839993	4
184.326839993	4
184.327839993	2
184.328839993	2
184.329839993	4
184.330839993	4
184.331839993	1
184.332839993	4
184.333839993	6
