144.158392019	4
144.159392019	4
144.160392019	5
144.161392019	2
144.162392019	2
144.163392019	3
144.164392019	3
144.165392019	2
144.166392019	2
144.167392019	2
144.168392019	1
144.169392019	2
144.170392019	4
144.171392019	4
144.172392019	4
144.173392019	3
144.174392019	2
144.175392019	1
144.176392019	2
144.177392019	1
144.178392019	5
144.179392019	6
144.180392019	4
144.181392019	5
144.182392019	5
144.183392019	2
144.184392019	2
144.185392019	2
144.186392019	6
144.187392019	7
144.188392019	3
144.189392019	4
144.190392019	6
144.191392019	3
144.192392019	3
144.193392019	3
144.194392019	3
144.195392019	1
144.196392019	4
144.197392019	5
144.198392019	3
144.199392019	0
144.200392019	4
144.201392019	4
144.202392019	3
144.203392019	2
144.204392019	5
144.205392019	6
144.206392019	6
144.207392019	4
144.208392019	1
144.209392019	1
144.210392019	3
144.211392019	2
144.212392019	8
144.213392019	3
144.214392019	4
144.215392019	3
144.216392019	3
144.217392019	3
144.218392019	2
144.219392019	1
144.220392019	4
144.221392019	3
144.222392019	2
144.223392019	3
144.224392019	5
144.225392019	4
144.226392019	4
144.227392019	2
144.228392019	2
144.229392019	7
144.230392019	3
144.231392019	4
144.232392019	7
144.233392019	8
144.234392019	4
144.235392019	4
144.236392019	6
144.237392019	0
144.238392019	2
144.239392019	2
144.240392019	1
144.241392019	7
144.242392019	5
144.243392019	4
144.244392019	5
144.245392019	4
144.246392019	2
144.247392019	4
144.248392019	8
144.249392019	5
144.250392019	4
144.251392019	2
144.252392019	2
144.253392019	2
144.254392019	0
144.255392019	7
144.256392019	2
144.257392019	5
144.258392019	3
144.259392019	2
144.260392019	2
144.261392019	4
144.262392019	2
144.263392019	2
144.264392019	2
144.265392019	5
144.266392019	2
144.267392019	10
144.268392019	2
144.269392019	4
144.270392019	2
144.271392019	4
144.272392019	6
144.273392019	3
144.274392019	10
144.275392019	6
144.276392019	5
144.277392019	0
144.278392019	5
144.279392019	2
144.280392019	3
144.281392019	3
144.282392019	4
144.283392019	6
144.284392019	3
144.285392019	4
144.286392019	2
144.287392019	5
144.288392019	5
144.289392019	5
144.290392019	2
144.291392019	4
144.292392019	6
144.293392019	2
144.294392019	3
144.295392019	2
144.296392019	3
144.297392019	4
144.298392019	0
144.299392019	4
144.300392019	7
144.301392019	4
144.302392019	1
144.303392019	4
144.304392019	4
144.305392019	4
144.306392019	2
144.307392019	4
144.308392019	6
144.309392019	2
144.310392019	4
144.311392019	5
144.312392019	7
144.313392019	5
144.314392019	4
144.315392019	6
144.316392019	6
144.317392019	11
144.318392019	7
144.319392019	9
144.320392019	5
144.321392019	9
144.322392019	11
144.323392019	8
144.324392019	6
144.325392019	11
144.326392019	14
144.327392019	15
144.328392019	12
144.329392019	12
144.330392019	21
144.331392019	7
144.332392019	9
144.333392019	10
144.334392019	3
144.335392019	9
144.336392019	9
144.337392019	1
144.338392019	12
144.339392019	10
144.340392019	7
144.341392019	14
144.342392019	5
144.343392019	3
144.344392019	6
144.345392019	2
144.346392019	2
144.347392019	9
144.348392019	9
144.349392019	3
144.350392019	3
144.351392019	3
144.352392019	5
144.353392019	7
144.354392019	10
144.355392019	6
144.356392019	10
144.357392019	7
144.358392019	12
144.359392019	7
144.360392019	11
144.361392019	9
144.362392019	5
144.363392019	3
144.364392019	6
144.365392019	3
144.366392019	2
144.367392019	2
144.368392019	6
144.369392019	1
144.370392019	7
144.371392019	2
144.372392019	7
144.373392019	8
144.374392019	5
144.375392019	2
144.376392019	3
144.377392019	10
144.378392019	5
144.379392019	6
144.380392019	1
144.381392019	2
144.382392019	5
144.383392019	1
144.384392019	5
144.385392019	6
144.386392019	4
144.387392019	2
144.388392019	5
144.389392019	7
144.390392019	5
144.391392019	4
144.392392019	3
144.393392019	2
144.394392019	5
144.395392019	7
144.396392019	8
144.397392019	5
144.398392019	7
144.399392019	4
144.400392019	3
144.401392019	2
144.402392019	3
144.403392019	2
144.404392019	4
144.405392019	4
144.406392019	6
144.407392019	5
144.408392019	3
144.409392019	5
144.410392019	1
144.411392019	2
144.412392019	3
144.413392019	2
144.414392019	4
144.415392019	3
144.416392019	4
144.417392019	3
144.418392019	1
144.419392019	4
144.420392019	4
144.421392019	5
144.422392019	1
144.423392019	3
144.424392019	8
144.425392019	2
144.426392019	4
144.427392019	2
144.428392019	4
144.429392019	5
144.430392019	4
144.431392019	3
144.432392019	1
144.433392019	3
144.434392019	3
144.435392019	4
144.436392019	1
144.437392019	4
144.438392019	1
144.439392019	5
144.440392019	5
144.441392019	1
144.442392019	2
144.443392019	3
144.444392019	5
144.445392019	5
144.446392019	4
144.447392019	2
144.448392019	2
144.449392019	3
144.450392019	2
144.451392019	3
144.452392019	6
144.453392019	5
144.454392019	4
144.455392019	3
144.456392019	1
144.457392019	3
144.458392019	4
144.459392019	4
144.460392019	6
144.461392019	2
144.462392019	1
144.463392019	1
144.464392019	7
144.465392019	1
144.466392019	5
144.467392019	2
144.468392019	0
144.469392019	4
144.470392019	0
144.471392019	7
144.472392019	4
144.473392019	5
144.474392019	3
144.475392019	3
144.476392019	4
144.477392019	4
144.478392019	7
144.479392019	4
144.480392019	3
144.481392019	4
144.482392019	1
144.483392019	4
144.484392019	3
144.485392019	5
144.486392019	5
144.487392019	3
144.488392019	1
144.489392019	2
144.490392019	2
144.491392019	2
144.492392019	1
144.493392019	5
144.494392019	2
144.495392019	3
144.496392019	4
144.497392019	2
144.498392019	4
144.499392019	2
144.500392019	9
144.501392019	3
144.502392019	3
144.503392019	2
144.504392019	2
144.505392019	1
144.506392019	3
144.507392019	2
144.508392019	4
144.509392019	4
144.510392019	2
144.511392019	4
144.512392019	5
144.513392019	4
144.514392019	6
144.515392019	5
144.516392019	5
144.517392019	2
144.518392019	3
144.519392019	5
144.520392019	5
144.521392019	7
144.522392019	6
144.523392019	2
144.524392019	12
144.525392019	12
144.526392019	13
144.527392019	16
144.528392019	8
144.529392019	16
144.530392019	7
144.531392019	5
144.532392019	9
144.533392019	3
144.534392019	6
144.535392019	4
144.536392019	4
144.537392019	3
144.538392019	5
144.539392019	3
144.540392019	8
144.541392019	3
144.542392019	8
144.543392019	5
144.544392019	3
144.545392019	7
144.546392019	5
144.547392019	7
144.548392019	5
144.549392019	2
144.550392019	3
144.551392019	4
144.552392019	6
144.553392019	0
144.554392019	6
144.555392019	4
144.556392019	6
144.557392019	4
144.558392019	3
144.559392019	3
144.560392019	2
144.561392019	5
144.562392019	6
144.563392019	7
144.564392019	4
144.565392019	6
144.566392019	3
144.567392019	6
144.568392019	5
144.569392019	1
144.570392019	3
144.571392019	2
144.572392019	9
144.573392019	2
144.574392019	4
144.575392019	3
144.576392019	5
144.577392019	7
144.578392019	1
144.579392019	1
144.580392019	5
144.581392019	2
144.582392019	3
144.583392019	4
144.584392019	3
144.585392019	3
144.586392019	1
144.587392019	2
144.588392019	9
144.589392019	3
144.590392019	1
144.591392019	5
144.592392019	7
144.593392019	4
144.594392019	3
144.595392019	4
144.596392019	7
144.597392019	6
144.598392019	6
144.599392019	6
144.600392019	1
144.601392019	3
144.602392019	10
144.603392019	7
144.604392019	3
144.605392019	3
144.606392019	4
144.607392019	5
144.608392019	5
144.609392019	4
144.610392019	7
144.611392019	7
144.612392019	6
144.613392019	4
144.614392019	4
144.615392019	4
144.616392019	2
144.617392019	3
144.618392019	3
144.619392019	3
144.620392019	1
144.621392019	5
144.622392019	2
144.623392019	3
144.624392019	2
144.625392019	2
144.626392019	3
144.627392019	6
144.628392019	4
144.629392019	2
144.630392019	4
144.631392019	4
144.632392019	7
144.633392019	4
144.634392019	3
144.635392019	2
144.636392019	10
144.637392019	7
144.638392019	2
144.639392019	0
144.640392019	5
144.641392019	4
144.642392019	9
144.643392019	4
144.644392019	4
144.645392019	3
144.646392019	5
144.647392019	3
144.648392019	2
144.649392019	3
144.650392019	3
144.651392019	5
144.652392019	5
144.653392019	2
144.654392019	2
144.655392019	4
144.656392019	4
144.657392019	7
144.658392019	3
144.659392019	4
144.660392019	4
144.661392019	4
144.662392019	4
144.663392019	3
144.664392019	6
144.665392019	5
144.666392019	2
144.667392019	6
144.668392019	4
144.669392019	3
144.670392019	4
144.671392019	2
144.672392019	6
144.673392019	4
144.674392019	3
144.675392019	4
144.676392019	7
144.677392019	4
144.678392019	3
144.679392019	3
144.680392019	3
144.681392019	2
144.682392019	0
144.683392019	2
144.684392019	4
144.685392019	2
144.686392019	6
144.687392019	5
144.688392019	3
144.689392019	6
144.690392019	3
144.691392019	4
144.692392019	4
144.693392019	5
144.694392019	2
144.695392019	3
144.696392019	4
144.697392019	1
144.698392019	3
144.699392019	5
144.700392019	5
144.701392019	8
144.702392019	6
144.703392019	2
144.704392019	3
144.705392019	3
144.706392019	3
144.707392019	2
144.708392019	2
144.709392019	5
144.710392019	4
144.711392019	1
144.712392019	5
144.713392019	3
144.714392019	4
144.715392019	5
144.716392019	7
144.717392019	1
144.718392019	1
144.719392019	3
144.720392019	5
144.721392019	3
144.722392019	5
144.723392019	6
144.724392019	4
144.725392019	4
144.726392019	7
144.727392019	9
144.728392019	1
144.729392019	4
144.730392019	3
144.731392019	6
144.732392019	3
144.733392019	4
144.734392019	4
144.735392019	5
144.736392019	2
144.737392019	3
144.738392019	4
144.739392019	3
144.740392019	2
144.741392019	2
144.742392019	3
144.743392019	4
144.744392019	2
144.745392019	4
144.746392019	2
144.747392019	5
144.748392019	3
144.749392019	1
144.750392019	4
144.751392019	3
144.752392019	4
144.753392019	3
144.754392019	5
144.755392019	1
144.756392019	2
144.757392019	2
144.758392019	4
144.759392019	3
144.760392019	5
144.761392019	1
144.762392019	4
144.763392019	2
144.764392019	7
144.765392019	3
144.766392019	6
144.767392019	5
144.768392019	3
144.769392019	8
144.770392019	6
144.771392019	1
144.772392019	1
144.773392019	3
144.774392019	4
144.775392019	6
144.776392019	1
144.777392019	2
144.778392019	4
144.779392019	2
144.780392019	4
144.781392019	1
144.782392019	6
144.783392019	3
144.784392019	5
144.785392019	3
144.786392019	3
144.787392019	3
144.788392019	6
144.789392019	3
144.790392019	5
144.791392019	5
144.792392019	2
144.793392019	7
144.794392019	5
144.795392019	6
144.796392019	3
144.797392019	9
144.798392019	3
144.799392019	5
144.800392019	3
144.801392019	7
144.802392019	3
144.803392019	2
144.804392019	8
144.805392019	4
144.806392019	1
144.807392019	7
144.808392019	8
144.809392019	4
144.810392019	3
144.811392019	2
144.812392019	2
144.813392019	5
144.814392019	6
144.815392019	1
144.816392019	4
144.817392019	3
144.818392019	4
144.819392019	7
144.820392019	3
144.821392019	1
144.822392019	3
144.823392019	2
144.824392019	5
144.825392019	5
144.826392019	3
144.827392019	4
144.828392019	7
144.829392019	3
144.830392019	9
144.831392019	8
144.832392019	19
144.833392019	14
144.834392019	30
144.835392019	22
144.836392019	12
144.837392019	14
144.838392019	11
144.839392019	8
144.840392019	9
144.841392019	5
144.842392019	4
144.843392019	15
144.844392019	8
144.845392019	6
144.846392019	2
144.847392019	9
144.848392019	10
144.849392019	6
144.850392019	3
144.851392019	3
144.852392019	9
144.853392019	9
144.854392019	5
144.855392019	6
144.856392019	8
144.857392019	7
144.858392019	5
144.859392019	5
144.860392019	7
144.861392019	6
144.862392019	4
144.863392019	4
144.864392019	2
144.865392019	5
144.866392019	6
144.867392019	7
144.868392019	3
144.869392019	7
144.870392019	11
144.871392019	2
144.872392019	3
144.873392019	9
144.874392019	2
144.875392019	4
144.876392019	7
144.877392019	3
144.878392019	5
144.879392019	4
144.880392019	2
144.881392019	7
144.882392019	4
144.883392019	2
144.884392019	5
144.885392019	5
144.886392019	3
144.887392019	7
144.888392019	4
144.889392019	1
144.890392019	3
144.891392019	3
144.892392019	3
144.893392019	6
144.894392019	6
144.895392019	5
144.896392019	2
144.897392019	7
144.898392019	11
144.899392019	0
144.900392019	2
144.901392019	9
144.902392019	6
144.903392019	6
144.904392019	4
144.905392019	2
144.906392019	4
144.907392019	3
144.908392019	2
144.909392019	0
144.910392019	2
144.911392019	4
144.912392019	3
144.913392019	1
144.914392019	3
144.915392019	2
144.916392019	3
144.917392019	6
144.918392019	1
144.919392019	4
144.920392019	0
144.921392019	1
144.922392019	3
144.923392019	3
144.924392019	4
144.925392019	8
144.926392019	7
144.927392019	7
144.928392019	5
144.929392019	7
144.930392019	5
144.931392019	2
144.932392019	6
144.933392019	4
144.934392019	4
144.935392019	4
144.936392019	2
144.937392019	2
144.938392019	4
144.939392019	0
144.940392019	5
144.941392019	4
144.942392019	3
144.943392019	4
144.944392019	4
144.945392019	3
144.946392019	2
144.947392019	6
144.948392019	6
144.949392019	3
144.950392019	7
144.951392019	1
144.952392019	2
144.953392019	6
144.954392019	4
144.955392019	4
144.956392019	4
144.957392019	3
144.958392019	5
144.959392019	5
144.960392019	7
144.961392019	5
144.962392019	4
144.963392019	6
144.964392019	4
144.965392019	3
144.966392019	4
144.967392019	1
144.968392019	6
144.969392019	2
144.970392019	6
144.971392019	6
144.972392019	2
144.973392019	3
144.974392019	3
144.975392019	6
144.976392019	5
144.977392019	3
144.978392019	4
144.979392019	6
144.980392019	2
144.981392019	2
144.982392019	1
144.983392019	2
144.984392019	7
144.985392019	6
144.986392019	5
144.987392019	5
144.988392019	4
144.989392019	4
144.990392019	3
144.991392019	4
144.992392019	3
144.993392019	3
144.994392019	6
144.995392019	4
144.996392019	11
144.997392019	4
144.998392019	2
144.999392019	4
145.000392019	3
145.001392019	4
145.002392019	5
145.003392019	5
145.004392019	10
145.005392019	6
145.006392019	1
145.007392019	3
145.008392019	5
145.009392019	6
145.010392019	8
145.011392019	4
145.012392019	3
145.013392019	6
145.014392019	7
145.015392019	4
145.016392019	5
145.017392019	7
145.018392019	4
145.019392019	6
145.020392019	7
145.021392019	2
145.022392019	4
145.023392019	3
145.024392019	8
145.025392019	3
145.026392019	5
145.027392019	6
145.028392019	4
145.029392019	2
145.030392019	7
145.031392019	4
145.032392019	3
145.033392019	8
145.034392019	6
145.035392019	2
145.036392019	8
145.037392019	6
145.038392019	8
145.039392019	9
145.040392019	2
145.041392019	2
145.042392019	7
145.043392019	4
145.044392019	6
145.045392019	4
145.046392019	5
145.047392019	4
145.048392019	0
145.049392019	6
145.050392019	6
145.051392019	6
145.052392019	4
145.053392019	3
145.054392019	3
145.055392019	6
145.056392019	3
145.057392019	5
145.058392019	2
145.059392019	8
145.060392019	3
145.061392019	5
145.062392019	5
145.063392019	4
145.064392019	3
145.065392019	4
145.066392019	3
145.067392019	8
145.068392019	8
145.069392019	2
145.070392019	1
145.071392019	2
145.072392019	9
145.073392019	4
