156.916310019	6
156.917310019	3
156.918310019	4
156.919310019	3
156.920310019	4
156.921310019	4
156.922310019	3
156.923310019	6
156.924310019	8
156.925310019	1
156.926310019	1
156.927310019	5
156.928310019	3
156.929310019	2
156.930310019	6
156.931310019	5
156.932310019	4
156.933310019	1
156.934310019	5
156.935310019	2
156.936310019	6
156.937310019	4
156.938310019	4
156.939310019	3
156.940310019	6
156.941310019	4
156.942310019	3
156.943310019	7
156.944310019	4
156.945310019	3
156.946310019	3
156.947310019	3
156.948310019	3
156.949310019	1
156.950310019	3
156.951310019	6
156.952310019	2
156.953310019	1
156.954310019	6
156.955310019	2
156.956310019	8
156.957310019	4
156.958310019	7
156.959310019	5
156.960310019	0
156.961310019	2
156.962310019	4
156.963310019	6
156.964310019	5
156.965310019	5
156.966310019	9
156.967310019	2
156.968310019	2
156.969310019	4
156.970310019	4
156.971310019	4
156.972310019	5
156.973310019	0
156.974310019	2
156.975310019	1
156.976310019	4
156.977310019	3
156.978310019	3
156.979310019	2
156.980310019	2
156.981310019	4
156.982310019	4
156.983310019	6
156.984310019	6
156.985310019	6
156.986310019	3
156.987310019	2
156.988310019	2
156.989310019	3
156.990310019	5
156.991310019	3
156.992310019	3
156.993310019	3
156.994310019	3
156.995310019	5
156.996310019	2
156.997310019	4
156.998310019	3
156.999310019	4
157.000310019	8
157.001310019	5
157.002310019	6
157.003310019	1
157.004310019	3
157.005310019	1
157.006310019	5
157.007310019	3
157.008310019	5
157.009310019	5
157.010310019	2
157.011310019	7
157.012310019	5
157.013310019	3
157.014310019	4
157.015310019	2
157.016310019	5
157.017310019	6
157.018310019	3
157.019310019	3
157.020310019	3
157.021310019	2
157.022310019	9
157.023310019	3
157.024310019	6
157.025310019	5
157.026310019	0
157.027310019	4
157.028310019	2
157.029310019	7
157.030310019	4
157.031310019	4
157.032310019	3
157.033310019	0
157.034310019	1
157.035310019	3
157.036310019	2
157.037310019	4
157.038310019	4
157.039310019	4
157.040310019	7
157.041310019	1
157.042310019	6
157.043310019	3
157.044310019	3
157.045310019	5
157.046310019	3
157.047310019	4
157.048310019	5
157.049310019	3
157.050310019	3
157.051310019	1
157.052310019	6
157.053310019	0
157.054310019	4
157.055310019	4
157.056310019	7
157.057310019	4
157.058310019	5
157.059310019	2
157.060310019	5
157.061310019	4
157.062310019	9
157.063310019	11
157.064310019	12
157.065310019	8
157.066310019	8
157.067310019	6
157.068310019	17
157.069310019	10
157.070310019	13
157.071310019	7
157.072310019	7
157.073310019	14
157.074310019	15
157.075310019	10
157.076310019	19
157.077310019	10
157.078310019	11
157.079310019	7
157.080310019	7
157.081310019	14
157.082310019	2
157.083310019	3
157.084310019	6
157.085310019	6
157.086310019	6
157.087310019	5
157.088310019	4
157.089310019	8
157.090310019	6
157.091310019	7
157.092310019	7
157.093310019	4
157.094310019	5
157.095310019	4
157.096310019	5
157.097310019	4
157.098310019	5
157.099310019	7
157.100310019	6
157.101310019	11
157.102310019	12
157.103310019	10
157.104310019	7
157.105310019	9
157.106310019	8
157.107310019	10
157.108310019	9
157.109310019	8
157.110310019	9
157.111310019	6
157.112310019	3
157.113310019	2
157.114310019	5
157.115310019	7
157.116310019	5
157.117310019	3
157.118310019	5
157.119310019	5
157.120310019	3
157.121310019	6
157.122310019	5
157.123310019	5
157.124310019	3
157.125310019	7
157.126310019	3
157.127310019	4
157.128310019	3
157.129310019	8
157.130310019	2
157.131310019	2
157.132310019	5
157.133310019	0
157.134310019	2
157.135310019	2
157.136310019	5
157.137310019	6
157.138310019	4
157.139310019	6
157.140310019	3
157.141310019	5
157.142310019	5
157.143310019	10
157.144310019	6
157.145310019	4
157.146310019	3
157.147310019	3
157.148310019	4
157.149310019	2
157.150310019	0
157.151310019	2
157.152310019	3
157.153310019	5
157.154310019	2
157.155310019	4
157.156310019	6
157.157310019	7
157.158310019	3
157.159310019	4
157.160310019	4
157.161310019	4
157.162310019	8
157.163310019	4
157.164310019	1
157.165310019	4
157.166310019	5
157.167310019	2
157.168310019	4
157.169310019	4
157.170310019	2
157.171310019	7
157.172310019	1
157.173310019	1
157.174310019	2
157.175310019	9
157.176310019	3
157.177310019	9
157.178310019	6
157.179310019	6
157.180310019	5
157.181310019	4
157.182310019	4
157.183310019	2
157.184310019	3
157.185310019	5
157.186310019	6
157.187310019	7
157.188310019	5
157.189310019	4
157.190310019	6
157.191310019	3
157.192310019	8
157.193310019	5
157.194310019	5
157.195310019	7
157.196310019	2
157.197310019	3
157.198310019	4
157.199310019	0
157.200310019	1
157.201310019	1
157.202310019	3
157.203310019	0
157.204310019	6
157.205310019	3
157.206310019	1
157.207310019	6
157.208310019	2
157.209310019	8
157.210310019	4
157.211310019	4
157.212310019	4
157.213310019	5
157.214310019	3
157.215310019	4
157.216310019	2
157.217310019	5
157.218310019	3
157.219310019	2
157.220310019	4
157.221310019	6
157.222310019	6
157.223310019	1
157.224310019	7
157.225310019	2
157.226310019	4
157.227310019	9
157.228310019	3
157.229310019	2
157.230310019	0
157.231310019	1
157.232310019	4
157.233310019	3
157.234310019	4
157.235310019	7
157.236310019	3
157.237310019	4
157.238310019	5
157.239310019	4
157.240310019	0
157.241310019	3
157.242310019	1
157.243310019	6
157.244310019	0
157.245310019	4
157.246310019	2
157.247310019	5
157.248310019	5
157.249310019	3
157.250310019	3
157.251310019	2
157.252310019	4
157.253310019	5
157.254310019	4
157.255310019	4
157.256310019	2
157.257310019	3
157.258310019	5
157.259310019	3
157.260310019	3
157.261310019	2
157.262310019	1
157.263310019	0
157.264310019	2
157.265310019	1
157.266310019	6
157.267310019	5
157.268310019	5
157.269310019	4
157.270310019	3
157.271310019	2
157.272310019	4
157.273310019	2
157.274310019	2
157.275310019	6
157.276310019	3
157.277310019	4
157.278310019	3
157.279310019	4
157.280310019	3
157.281310019	3
157.282310019	5
157.283310019	3
157.284310019	5
157.285310019	2
157.286310019	4
157.287310019	4
157.288310019	5
157.289310019	2
157.290310019	2
157.291310019	5
157.292310019	5
157.293310019	2
157.294310019	2
157.295310019	2
157.296310019	8
157.297310019	4
157.298310019	11
157.299310019	1
157.300310019	1
157.301310019	2
157.302310019	7
157.303310019	5
157.304310019	1
157.305310019	4
157.306310019	0
157.307310019	4
157.308310019	2
157.309310019	1
157.310310019	2
157.311310019	1
157.312310019	2
157.313310019	5
157.314310019	1
157.315310019	3
157.316310019	0
157.317310019	4
157.318310019	4
157.319310019	5
157.320310019	5
157.321310019	5
157.322310019	5
157.323310019	3
157.324310019	0
157.325310019	2
157.326310019	8
157.327310019	5
157.328310019	3
157.329310019	3
157.330310019	5
157.331310019	2
157.332310019	3
157.333310019	5
157.334310019	3
157.335310019	5
157.336310019	2
157.337310019	8
157.338310019	5
157.339310019	3
157.340310019	7
157.341310019	4
157.342310019	0
157.343310019	2
157.344310019	5
157.345310019	2
157.346310019	3
157.347310019	4
157.348310019	2
157.349310019	4
157.350310019	4
157.351310019	2
157.352310019	0
157.353310019	4
157.354310019	5
157.355310019	3
157.356310019	2
157.357310019	9
157.358310019	7
157.359310019	5
157.360310019	5
157.361310019	0
157.362310019	2
157.363310019	2
157.364310019	3
157.365310019	7
157.366310019	5
157.367310019	3
157.368310019	1
157.369310019	5
157.370310019	2
157.371310019	3
157.372310019	4
157.373310019	2
157.374310019	4
157.375310019	2
157.376310019	4
157.377310019	3
157.378310019	4
157.379310019	2
157.380310019	2
157.381310019	2
157.382310019	2
157.383310019	5
157.384310019	5
157.385310019	4
157.386310019	3
157.387310019	4
157.388310019	3
157.389310019	4
157.390310019	5
157.391310019	5
157.392310019	4
157.393310019	6
157.394310019	2
157.395310019	4
157.396310019	3
157.397310019	5
157.398310019	3
157.399310019	1
157.400310019	0
157.401310019	8
157.402310019	5
157.403310019	7
157.404310019	6
157.405310019	5
157.406310019	5
157.407310019	5
157.408310019	3
157.409310019	3
157.410310019	2
157.411310019	5
157.412310019	2
157.413310019	6
157.414310019	3
157.415310019	4
157.416310019	8
157.417310019	7
157.418310019	13
157.419310019	6
157.420310019	8
157.421310019	6
157.422310019	4
157.423310019	9
157.424310019	14
157.425310019	20
157.426310019	30
157.427310019	26
157.428310019	24
157.429310019	25
157.430310019	19
157.431310019	23
157.432310019	29
157.433310019	13
157.434310019	12
157.435310019	18
157.436310019	12
157.437310019	7
157.438310019	7
157.439310019	10
157.440310019	8
157.441310019	7
157.442310019	7
157.443310019	5
157.444310019	12
157.445310019	9
157.446310019	6
157.447310019	11
157.448310019	8
157.449310019	6
157.450310019	7
157.451310019	1
157.452310019	5
157.453310019	5
157.454310019	3
157.455310019	3
157.456310019	1
157.457310019	0
157.458310019	4
157.459310019	3
157.460310019	0
157.461310019	3
157.462310019	1
157.463310019	3
157.464310019	5
157.465310019	5
157.466310019	5
157.467310019	7
157.468310019	5
157.469310019	8
157.470310019	3
157.471310019	4
157.472310019	2
157.473310019	9
157.474310019	5
157.475310019	4
157.476310019	6
157.477310019	6
157.478310019	1
157.479310019	5
157.480310019	2
157.481310019	4
157.482310019	6
157.483310019	4
157.484310019	3
157.485310019	3
157.486310019	2
157.487310019	7
157.488310019	8
157.489310019	3
157.490310019	3
157.491310019	3
157.492310019	3
157.493310019	2
157.494310019	3
157.495310019	6
157.496310019	2
157.497310019	3
157.498310019	3
157.499310019	2
157.500310019	3
157.501310019	7
157.502310019	3
157.503310019	4
157.504310019	5
157.505310019	5
157.506310019	4
157.507310019	5
157.508310019	6
157.509310019	6
157.510310019	5
157.511310019	2
157.512310019	2
157.513310019	2
157.514310019	7
157.515310019	1
157.516310019	2
157.517310019	5
157.518310019	3
157.519310019	5
157.520310019	6
157.521310019	7
157.522310019	2
157.523310019	5
157.524310019	1
157.525310019	2
157.526310019	5
157.527310019	5
157.528310019	0
157.529310019	2
157.530310019	5
157.531310019	3
157.532310019	5
157.533310019	4
157.534310019	6
157.535310019	7
157.536310019	2
157.537310019	3
157.538310019	4
157.539310019	5
157.540310019	4
157.541310019	2
157.542310019	10
157.543310019	3
157.544310019	6
157.545310019	9
157.546310019	3
157.547310019	1
157.548310019	5
157.549310019	2
157.550310019	5
157.551310019	9
157.552310019	8
157.553310019	4
157.554310019	3
157.555310019	4
157.556310019	5
157.557310019	7
157.558310019	2
157.559310019	3
157.560310019	2
157.561310019	4
157.562310019	2
157.563310019	6
157.564310019	6
157.565310019	2
157.566310019	9
157.567310019	3
157.568310019	4
157.569310019	1
157.570310019	7
157.571310019	7
157.572310019	6
157.573310019	1
157.574310019	4
157.575310019	3
157.576310019	4
157.577310019	6
157.578310019	2
157.579310019	4
157.580310019	2
157.581310019	2
157.582310019	6
157.583310019	2
157.584310019	4
157.585310019	5
157.586310019	6
157.587310019	3
157.588310019	6
157.589310019	5
157.590310019	6
157.591310019	4
157.592310019	3
157.593310019	5
157.594310019	4
157.595310019	5
157.596310019	3
157.597310019	7
157.598310019	2
157.599310019	8
157.600310019	2
157.601310019	4
157.602310019	6
157.603310019	2
157.604310019	8
157.605310019	11
157.606310019	5
157.607310019	8
157.608310019	3
157.609310019	9
157.610310019	5
157.611310019	9
157.612310019	9
157.613310019	6
157.614310019	9
157.615310019	5
157.616310019	6
157.617310019	4
157.618310019	4
157.619310019	6
157.620310019	4
157.621310019	3
157.622310019	4
157.623310019	8
157.624310019	1
157.625310019	6
157.626310019	4
157.627310019	3
157.628310019	9
157.629310019	2
157.630310019	6
157.631310019	5
157.632310019	5
157.633310019	1
157.634310019	6
157.635310019	4
157.636310019	2
157.637310019	2
157.638310019	4
157.639310019	5
157.640310019	4
157.641310019	3
157.642310019	2
157.643310019	5
157.644310019	6
157.645310019	3
157.646310019	3
157.647310019	4
157.648310019	4
157.649310019	3
157.650310019	1
157.651310019	7
157.652310019	1
157.653310019	4
157.654310019	2
157.655310019	6
157.656310019	3
157.657310019	7
157.658310019	5
157.659310019	2
157.660310019	4
157.661310019	3
157.662310019	0
157.663310019	4
157.664310019	3
157.665310019	1
157.666310019	6
157.667310019	2
157.668310019	2
157.669310019	1
157.670310019	2
157.671310019	3
157.672310019	2
157.673310019	3
157.674310019	6
157.675310019	1
157.676310019	0
157.677310019	3
157.678310019	2
157.679310019	5
157.680310019	1
157.681310019	6
157.682310019	4
157.683310019	3
157.684310019	4
157.685310019	0
157.686310019	3
157.687310019	8
157.688310019	2
157.689310019	1
157.690310019	2
157.691310019	3
157.692310019	4
157.693310019	3
157.694310019	4
157.695310019	0
157.696310019	8
157.697310019	4
157.698310019	5
157.699310019	6
157.700310019	4
157.701310019	7
157.702310019	5
157.703310019	3
157.704310019	2
157.705310019	3
157.706310019	2
157.707310019	4
157.708310019	4
157.709310019	4
157.710310019	1
157.711310019	1
157.712310019	1
157.713310019	2
157.714310019	10
157.715310019	5
157.716310019	2
157.717310019	3
157.718310019	3
157.719310019	3
157.720310019	2
157.721310019	1
157.722310019	5
157.723310019	3
157.724310019	7
157.725310019	4
157.726310019	4
157.727310019	4
157.728310019	2
157.729310019	3
157.730310019	4
157.731310019	3
157.732310019	4
157.733310019	4
157.734310019	3
157.735310019	1
157.736310019	4
157.737310019	5
157.738310019	3
157.739310019	3
157.740310019	0
157.741310019	5
157.742310019	2
157.743310019	2
157.744310019	2
157.745310019	5
157.746310019	6
157.747310019	4
157.748310019	2
157.749310019	5
157.750310019	4
157.751310019	2
157.752310019	7
157.753310019	5
157.754310019	3
157.755310019	1
157.756310019	4
157.757310019	10
157.758310019	9
157.759310019	3
157.760310019	6
157.761310019	5
157.762310019	4
157.763310019	3
157.764310019	4
157.765310019	3
157.766310019	4
157.767310019	6
157.768310019	2
157.769310019	1
157.770310019	6
157.771310019	4
157.772310019	5
157.773310019	5
157.774310019	3
157.775310019	4
157.776310019	4
157.777310019	6
157.778310019	3
157.779310019	4
157.780310019	6
157.781310019	3
157.782310019	0
157.783310019	2
157.784310019	2
157.785310019	2
157.786310019	2
157.787310019	6
157.788310019	3
157.789310019	3
157.790310019	4
157.791310019	3
157.792310019	4
157.793310019	4
157.794310019	6
157.795310019	3
157.796310019	10
157.797310019	6
157.798310019	3
157.799310019	4
157.800310019	4
157.801310019	2
157.802310019	2
157.803310019	4
157.804310019	3
157.805310019	4
157.806310019	4
157.807310019	7
157.808310019	5
157.809310019	3
157.810310019	5
157.811310019	6
157.812310019	6
157.813310019	2
157.814310019	4
157.815310019	3
157.816310019	2
157.817310019	6
157.818310019	6
157.819310019	2
157.820310019	5
157.821310019	9
157.822310019	6
157.823310019	6
157.824310019	12
157.825310019	9
157.826310019	8
