58.764233983	6
58.765233983	3
58.766233983	1
58.767233983	3
58.768233983	3
58.769233983	1
58.770233983	1
58.771233983	4
58.772233983	3
58.773233983	2
58.774233983	2
58.775233983	5
58.776233983	5
58.777233983	1
58.778233983	4
58.779233983	1
58.780233983	5
58.781233983	1
58.782233983	3
58.783233983	1
58.784233983	4
58.785233983	1
58.786233983	3
58.787233983	2
58.788233983	2
58.789233983	1
58.790233983	1
58.791233983	3
58.792233983	3
58.793233983	4
58.794233983	4
58.795233983	2
58.796233983	1
58.797233983	4
58.798233983	3
58.799233983	5
58.800233983	3
58.801233983	2
58.802233983	5
58.803233983	3
58.804233983	6
58.805233983	0
58.806233983	2
58.807233983	6
58.808233983	2
58.809233983	1
58.810233983	4
58.811233983	3
58.812233983	1
58.813233983	6
58.814233983	3
58.815233983	5
58.816233983	5
58.817233983	3
58.818233983	0
58.819233983	1
58.820233983	4
58.821233983	3
58.822233983	3
58.823233983	2
58.824233983	2
58.825233983	6
58.826233983	7
58.827233983	7
58.828233983	15
58.829233983	14
58.830233983	18
58.831233983	13
58.832233983	27
58.833233983	16
58.834233983	22
58.835233983	18
58.836233983	14
58.837233983	25
58.838233983	10
58.839233983	14
58.840233983	11
58.841233983	6
58.842233983	13
58.843233983	8
58.844233983	6
58.845233983	7
58.846233983	12
58.847233983	9
58.848233983	5
58.849233983	3
58.850233983	8
58.851233983	8
58.852233983	10
58.853233983	7
58.854233983	7
58.855233983	10
58.856233983	7
58.857233983	6
58.858233983	6
58.859233983	9
58.860233983	6
58.861233983	7
58.862233983	10
58.863233983	19
58.864233983	27
58.865233983	11
58.866233983	15
58.867233983	13
58.868233983	10
58.869233983	10
58.870233983	25
58.871233983	12
58.872233983	16
58.873233983	12
58.874233983	15
58.875233983	10
58.876233983	16
58.877233983	16
58.878233983	16
58.879233983	9
58.880233983	8
58.881233983	10
58.882233983	11
58.883233983	9
58.884233983	9
58.885233983	7
58.886233983	6
58.887233983	10
58.888233983	7
58.889233983	7
58.890233983	9
58.891233983	5
58.892233983	6
58.893233983	18
58.894233983	40
58.895233983	34
58.896233983	47
58.897233983	35
58.898233983	26
58.899233983	18
58.900233983	14
58.901233983	15
58.902233983	12
58.903233983	10
58.904233983	9
58.905233983	14
58.906233983	5
58.907233983	13
58.908233983	11
58.909233983	4
58.910233983	5
58.911233983	6
58.912233983	7
58.913233983	10
58.914233983	6
58.915233983	7
58.916233983	5
58.917233983	6
58.918233983	6
58.919233983	2
58.920233983	5
58.921233983	4
58.922233983	5
58.923233983	3
58.924233983	5
58.925233983	5
58.926233983	6
58.927233983	2
58.928233983	2
58.929233983	3
58.930233983	2
58.931233983	4
58.932233983	3
58.933233983	1
58.934233983	3
58.935233983	5
58.936233983	3
58.937233983	4
58.938233983	5
58.939233983	2
58.940233983	5
58.941233983	8
58.942233983	4
58.943233983	6
58.944233983	9
58.945233983	7
58.946233983	9
58.947233983	8
58.948233983	16
58.949233983	12
58.950233983	15
58.951233983	13
58.952233983	7
58.953233983	10
58.954233983	7
58.955233983	7
58.956233983	7
58.957233983	9
58.958233983	7
58.959233983	1
58.960233983	6
58.961233983	6
58.962233983	4
58.963233983	9
58.964233983	9
58.965233983	8
58.966233983	8
58.967233983	7
58.968233983	3
58.969233983	7
58.970233983	13
58.971233983	13
58.972233983	16
58.973233983	21
58.974233983	30
58.975233983	32
58.976233983	21
58.977233983	26
58.978233983	28
58.979233983	30
58.980233983	23
58.981233983	18
58.982233983	9
58.983233983	14
58.984233983	16
58.985233983	7
58.986233983	9
58.987233983	8
58.988233983	12
58.989233983	8
58.990233983	9
58.991233983	8
58.992233983	4
58.993233983	10
58.994233983	8
58.995233983	7
58.996233983	5
58.997233983	7
58.998233983	6
58.999233983	13
59.000233983	4
59.001233983	7
59.002233983	10
59.003233983	5
59.004233983	6
59.005233983	8
59.006233983	9
59.007233983	4
59.008233983	3
59.009233983	3
59.010233983	3
59.011233983	6
59.012233983	6
59.013233983	5
59.014233983	5
59.015233983	4
59.016233983	5
59.017233983	6
59.018233983	4
59.019233983	2
59.020233983	5
59.021233983	4
59.022233983	2
59.023233983	4
59.024233983	6
59.025233983	4
59.026233983	5
59.027233983	7
59.028233983	7
59.029233983	1
59.030233983	4
59.031233983	10
59.032233983	2
59.033233983	4
59.034233983	6
59.035233983	4
59.036233983	5
59.037233983	8
59.038233983	7
59.039233983	7
59.040233983	5
59.041233983	5
59.042233983	5
59.043233983	8
59.044233983	5
59.045233983	8
59.046233983	6
59.047233983	6
59.048233983	8
59.049233983	7
59.050233983	9
59.051233983	17
59.052233983	45
59.053233983	24
59.054233983	26
59.055233983	30
59.056233983	31
59.057233983	42
59.058233983	37
59.059233983	17
59.060233983	27
59.061233983	19
59.062233983	22
59.063233983	11
59.064233983	19
59.065233983	14
59.066233983	17
59.067233983	12
59.068233983	5
59.069233983	8
59.070233983	2
59.071233983	4
59.072233983	6
59.073233983	9
59.074233983	10
59.075233983	4
59.076233983	1
59.077233983	7
59.078233983	8
59.079233983	13
59.080233983	11
59.081233983	11
59.082233983	9
59.083233983	14
59.084233983	16
59.085233983	26
59.086233983	45
59.087233983	66
59.088233983	84
59.089233983	67
59.090233983	61
59.091233983	64
59.092233983	33
59.093233983	37
59.094233983	26
59.095233983	20
59.096233983	15
59.097233983	16
59.098233983	12
59.099233983	12
59.100233983	8
59.101233983	6
59.102233983	3
59.103233983	6
59.104233983	3
59.105233983	10
59.106233983	6
59.107233983	6
59.108233983	9
59.109233983	11
59.110233983	4
59.111233983	6
59.112233983	7
59.113233983	4
59.114233983	10
59.115233983	6
59.116233983	5
59.117233983	10
59.118233983	11
59.119233983	7
59.120233983	10
59.121233983	5
59.122233983	11
59.123233983	11
59.124233983	7
59.125233983	8
59.126233983	5
59.127233983	10
59.128233983	4
59.129233983	6
59.130233983	6
59.131233983	11
59.132233983	13
59.133233983	10
59.134233983	7
59.135233983	14
59.136233983	15
59.137233983	15
59.138233983	11
59.139233983	8
59.140233983	10
59.141233983	13
59.142233983	19
59.143233983	13
59.144233983	17
59.145233983	20
59.146233983	10
59.147233983	13
59.148233983	18
59.149233983	8
59.150233983	10
59.151233983	9
59.152233983	10
59.153233983	11
59.154233983	11
59.155233983	8
59.156233983	6
59.157233983	7
59.158233983	7
59.159233983	5
59.160233983	6
59.161233983	5
59.162233983	3
59.163233983	4
59.164233983	6
59.165233983	4
59.166233983	9
59.167233983	2
59.168233983	8
59.169233983	5
59.170233983	4
59.171233983	3
59.172233983	4
59.173233983	6
59.174233983	6
59.175233983	9
59.176233983	2
59.177233983	4
59.178233983	6
59.179233983	3
59.180233983	3
59.181233983	5
59.182233983	5
59.183233983	0
59.184233983	7
59.185233983	3
59.186233983	2
59.187233983	5
59.188233983	4
59.189233983	6
59.190233983	5
59.191233983	2
59.192233983	0
59.193233983	1
59.194233983	9
59.195233983	10
59.196233983	5
59.197233983	5
59.198233983	11
59.199233983	5
