40.4387759929	3
40.4397759929	1
40.4407759929	2
40.4417759929	3
40.4427759929	3
40.4437759929	3
40.4447759929	1
40.4457759929	3
40.4467759929	3
40.4477759929	4
40.4487759929	3
40.4497759929	1
40.4507759929	3
40.4517759929	2
40.4527759929	1
40.4537759929	3
40.4547759929	1
40.4557759929	1
40.4567759929	2
40.4577759929	3
40.4587759929	2
40.4597759929	2
40.4607759929	1
40.4617759929	3
40.4627759929	3
40.4637759929	5
40.4647759929	3
40.4657759929	0
40.4667759929	2
40.4677759929	4
40.4687759929	2
40.4697759929	3
40.4707759929	2
40.4717759929	1
40.4727759929	4
40.4737759929	3
40.4747759929	0
40.4757759929	3
40.4767759929	2
40.4777759929	1
40.4787759929	4
40.4797759929	3
40.4807759929	2
40.4817759929	3
40.4827759929	1
40.4837759929	3
40.4847759929	6
40.4857759929	1
40.4867759929	3
40.4877759929	3
40.4887759929	4
40.4897759929	2
40.4907759929	4
40.4917759929	2
40.4927759929	7
40.4937759929	0
40.4947759929	1
40.4957759929	3
40.4967759929	3
40.4977759929	2
40.4987759929	3
40.4997759929	7
40.5007759929	1
40.5017759929	4
40.5027759929	1
40.5037759929	3
40.5047759929	2
40.5057759929	2
40.5067759929	2
40.5077759929	4
40.5087759929	4
40.5097759929	3
40.5107759929	7
40.5117759929	2
40.5127759929	2
40.5137759929	3
40.5147759929	4
40.5157759929	5
40.5167759929	2
40.5177759929	5
40.5187759929	3
40.5197759929	1
40.5207759929	3
40.5217759929	6
40.5227759929	4
40.5237759929	2
40.5247759929	3
40.5257759929	0
40.5267759929	0
40.5277759929	5
40.5287759929	5
40.5297759929	2
40.5307759929	4
40.5317759929	1
40.5327759929	1
40.5337759929	3
40.5347759929	1
40.5357759929	2
40.5367759929	1
40.5377759929	5
40.5387759929	5
40.5397759929	2
40.5407759929	3
40.5417759929	2
40.5427759929	2
40.5437759929	1
40.5447759929	1
40.5457759929	3
40.5467759929	3
40.5477759929	5
40.5487759929	2
40.5497759929	3
40.5507759929	2
40.5517759929	5
40.5527759929	2
40.5537759929	0
40.5547759929	4
40.5557759929	2
40.5567759929	5
40.5577759929	2
40.5587759929	2
40.5597759929	4
40.5607759929	4
40.5617759929	5
40.5627759929	3
40.5637759929	11
40.5647759929	3
40.5657759929	7
40.5667759929	6
40.5677759929	5
40.5687759929	4
40.5697759929	7
40.5707759929	7
40.5717759929	10
40.5727759929	7
40.5737759929	2
40.5747759929	2
40.5757759929	2
40.5767759929	6
40.5777759929	6
40.5787759929	8
40.5797759929	6
40.5807759929	3
40.5817759929	6
40.5827759929	5
40.5837759929	4
40.5847759929	9
40.5857759929	5
40.5867759929	1
40.5877759929	6
40.5887759929	3
40.5897759929	3
40.5907759929	5
40.5917759929	4
40.5927759929	9
40.5937759929	6
40.5947759929	3
40.5957759929	5
40.5967759929	11
40.5977759929	7
40.5987759929	4
40.5997759929	5
40.6007759929	6
40.6017759929	11
40.6027759929	3
40.6037759929	6
40.6047759929	6
40.6057759929	9
40.6067759929	7
40.6077759929	1
40.6087759929	4
40.6097759929	7
40.6107759929	6
40.6117759929	6
40.6127759929	2
40.6137759929	7
40.6147759929	5
40.6157759929	0
40.6167759929	6
40.6177759929	10
40.6187759929	6
40.6197759929	4
40.6207759929	6
40.6217759929	5
40.6227759929	1
40.6237759929	4
40.6247759929	4
40.6257759929	9
40.6267759929	1
40.6277759929	3
40.6287759929	3
40.6297759929	6
40.6307759929	6
40.6317759929	5
40.6327759929	2
40.6337759929	10
40.6347759929	2
40.6357759929	2
40.6367759929	4
40.6377759929	8
40.6387759929	3
40.6397759929	5
40.6407759929	5
40.6417759929	2
40.6427759929	4
40.6437759929	1
40.6447759929	1
40.6457759929	4
40.6467759929	6
40.6477759929	2
40.6487759929	4
40.6497759929	4
40.6507759929	4
40.6517759929	4
40.6527759929	4
40.6537759929	3
40.6547759929	2
40.6557759929	5
40.6567759929	5
40.6577759929	2
40.6587759929	4
40.6597759929	2
40.6607759929	5
40.6617759929	3
40.6627759929	4
40.6637759929	6
40.6647759929	5
40.6657759929	4
40.6667759929	8
40.6677759929	6
40.6687759929	3
40.6697759929	2
40.6707759929	1
40.6717759929	6
40.6727759929	2
40.6737759929	2
40.6747759929	6
40.6757759929	5
40.6767759929	12
40.6777759929	7
40.6787759929	3
40.6797759929	8
40.6807759929	5
40.6817759929	5
40.6827759929	7
40.6837759929	3
40.6847759929	6
40.6857759929	5
40.6867759929	7
40.6877759929	5
40.6887759929	3
40.6897759929	7
40.6907759929	5
40.6917759929	4
40.6927759929	3
40.6937759929	5
40.6947759929	8
40.6957759929	1
40.6967759929	2
40.6977759929	3
40.6987759929	9
40.6997759929	7
40.7007759929	4
40.7017759929	3
40.7027759929	3
40.7037759929	3
40.7047759929	6
40.7057759929	5
40.7067759929	4
40.7077759929	4
40.7087759929	7
40.7097759929	3
40.7107759929	5
40.7117759929	2
40.7127759929	6
40.7137759929	2
40.7147759929	5
40.7157759929	3
40.7167759929	2
40.7177759929	4
40.7187759929	5
40.7197759929	1
40.7207759929	0
40.7217759929	4
40.7227759929	3
40.7237759929	3
40.7247759929	0
40.7257759929	4
40.7267759929	3
40.7277759929	3
40.7287759929	1
40.7297759929	5
40.7307759929	2
40.7317759929	1
40.7327759929	5
40.7337759929	4
40.7347759929	3
40.7357759929	3
40.7367759929	3
40.7377759929	5
40.7387759929	3
40.7397759929	2
40.7407759929	4
40.7417759929	5
40.7427759929	3
40.7437759929	4
40.7447759929	4
40.7457759929	2
40.7467759929	4
40.7477759929	4
40.7487759929	2
40.7497759929	4
40.7507759929	4
40.7517759929	0
40.7527759929	3
40.7537759929	3
40.7547759929	4
40.7557759929	3
40.7567759929	2
40.7577759929	7
40.7587759929	7
40.7597759929	2
40.7607759929	4
40.7617759929	1
40.7627759929	2
40.7637759929	8
40.7647759929	3
40.7657759929	2
40.7667759929	1
40.7677759929	4
40.7687759929	1
40.7697759929	4
40.7707759929	3
40.7717759929	3
40.7727759929	1
40.7737759929	6
40.7747759929	1
40.7757759929	4
40.7767759929	2
40.7777759929	2
40.7787759929	1
40.7797759929	4
40.7807759929	2
40.7817759929	3
40.7827759929	4
40.7837759929	1
40.7847759929	4
40.7857759929	0
40.7867759929	1
40.7877759929	2
40.7887759929	2
40.7897759929	3
40.7907759929	2
40.7917759929	5
40.7927759929	3
40.7937759929	3
40.7947759929	6
40.7957759929	4
40.7967759929	1
40.7977759929	2
40.7987759929	4
40.7997759929	3
40.8007759929	5
40.8017759929	2
40.8027759929	1
40.8037759929	3
40.8047759929	1
40.8057759929	6
40.8067759929	5
40.8077759929	8
40.8087759929	7
40.8097759929	7
40.8107759929	3
40.8117759929	3
40.8127759929	2
40.8137759929	5
40.8147759929	0
40.8157759929	6
40.8167759929	6
40.8177759929	4
40.8187759929	7
40.8197759929	4
40.8207759929	0
40.8217759929	2
40.8227759929	2
40.8237759929	7
40.8247759929	1
40.8257759929	4
40.8267759929	3
40.8277759929	6
40.8287759929	6
40.8297759929	3
40.8307759929	4
40.8317759929	3
40.8327759929	4
40.8337759929	0
40.8347759929	2
40.8357759929	5
40.8367759929	3
40.8377759929	1
40.8387759929	2
40.8397759929	3
40.8407759929	4
40.8417759929	1
40.8427759929	1
40.8437759929	3
40.8447759929	3
40.8457759929	4
40.8467759929	2
40.8477759929	3
40.8487759929	5
40.8497759929	2
40.8507759929	4
40.8517759929	2
40.8527759929	2
40.8537759929	4
40.8547759929	1
40.8557759929	2
40.8567759929	2
40.8577759929	2
40.8587759929	3
40.8597759929	6
40.8607759929	3
40.8617759929	3
40.8627759929	6
40.8637759929	2
40.8647759929	4
40.8657759929	6
40.8667759929	2
40.8677759929	6
