122.898631996	3
122.899631996	1
122.900631996	2
122.901631996	0
122.902631996	0
122.903631996	3
122.904631996	1
122.905631996	0
122.906631996	3
122.907631996	1
122.908631996	3
122.909631996	0
122.910631996	2
122.911631996	0
122.912631996	2
122.913631996	0
122.914631996	2
122.915631996	2
122.916631996	2
122.917631996	2
122.918631996	1
122.919631996	4
122.920631996	1
122.921631996	3
122.922631996	1
122.923631996	4
122.924631996	3
122.925631996	3
122.926631996	2
122.927631996	1
122.928631996	2
122.929631996	0
122.930631996	1
122.931631996	0
122.932631996	0
122.933631996	3
122.934631996	4
122.935631996	1
122.936631996	3
122.937631996	3
122.938631996	1
122.939631996	1
122.940631996	2
122.941631996	1
122.942631996	1
122.943631996	1
122.944631996	4
122.945631996	1
122.946631996	4
122.947631996	1
122.948631996	0
122.949631996	3
122.950631996	1
122.951631996	0
122.952631996	2
122.953631996	1
122.954631996	3
122.955631996	1
122.956631996	1
122.957631996	1
122.958631996	3
122.959631996	1
122.960631996	4
122.961631996	2
122.962631996	2
122.963631996	1
122.964631996	1
122.965631996	0
122.966631996	3
122.967631996	0
122.968631996	1
122.969631996	0
122.970631996	2
122.971631996	2
122.972631996	2
122.973631996	2
122.974631996	3
122.975631996	4
122.976631996	2
122.977631996	5
122.978631996	0
122.979631996	3
122.980631996	3
122.981631996	0
122.982631996	4
122.983631996	7
122.984631996	4
122.985631996	9
122.986631996	6
122.987631996	13
122.988631996	12
122.989631996	13
122.990631996	4
122.991631996	8
122.992631996	13
122.993631996	13
122.994631996	11
122.995631996	7
122.996631996	6
122.997631996	15
122.998631996	6
122.999631996	11
123.000631996	7
123.001631996	9
123.002631996	11
123.003631996	13
123.004631996	9
123.005631996	4
123.006631996	4
123.007631996	10
123.008631996	13
123.009631996	8
123.010631996	11
123.011631996	12
123.012631996	5
123.013631996	7
123.014631996	8
123.015631996	4
123.016631996	10
123.017631996	3
123.018631996	3
123.019631996	8
123.020631996	7
123.021631996	1
123.022631996	5
123.023631996	8
123.024631996	4
123.025631996	6
123.026631996	9
123.027631996	5
123.028631996	5
123.029631996	6
123.030631996	7
123.031631996	4
123.032631996	2
123.033631996	9
123.034631996	5
123.035631996	11
123.036631996	5
123.037631996	5
123.038631996	4
123.039631996	4
123.040631996	2
123.041631996	6
123.042631996	1
123.043631996	7
123.044631996	7
123.045631996	9
123.046631996	2
123.047631996	3
123.048631996	4
123.049631996	4
123.050631996	2
123.051631996	8
123.052631996	4
123.053631996	4
123.054631996	6
123.055631996	8
123.056631996	6
123.057631996	6
123.058631996	5
123.059631996	4
123.060631996	5
123.061631996	3
123.062631996	2
123.063631996	10
123.064631996	3
123.065631996	7
123.066631996	4
123.067631996	3
123.068631996	1
123.069631996	4
123.070631996	5
123.071631996	2
123.072631996	10
123.073631996	7
123.074631996	5
123.075631996	3
123.076631996	4
123.077631996	3
123.078631996	4
123.079631996	5
123.080631996	3
123.081631996	0
123.082631996	4
123.083631996	5
123.084631996	2
123.085631996	3
123.086631996	7
123.087631996	7
123.088631996	4
123.089631996	3
123.090631996	2
123.091631996	3
123.092631996	2
123.093631996	5
123.094631996	5
123.095631996	3
123.096631996	1
123.097631996	3
123.098631996	1
123.099631996	2
123.100631996	2
123.101631996	4
123.102631996	3
123.103631996	4
123.104631996	2
123.105631996	3
123.106631996	3
123.107631996	3
123.108631996	1
123.109631996	2
123.110631996	3
123.111631996	3
123.112631996	3
123.113631996	3
123.114631996	1
123.115631996	0
123.116631996	3
123.117631996	2
123.118631996	7
123.119631996	3
123.120631996	2
123.121631996	3
123.122631996	3
123.123631996	3
123.124631996	2
123.125631996	1
123.126631996	3
123.127631996	0
123.128631996	1
123.129631996	3
123.130631996	0
123.131631996	0
123.132631996	3
123.133631996	1
123.134631996	5
123.135631996	6
123.136631996	2
123.137631996	1
123.138631996	3
123.139631996	5
123.140631996	2
123.141631996	1
123.142631996	5
123.143631996	4
123.144631996	2
123.145631996	1
123.146631996	5
123.147631996	4
123.148631996	3
123.149631996	5
123.150631996	4
123.151631996	0
123.152631996	1
123.153631996	5
123.154631996	5
123.155631996	4
123.156631996	0
123.157631996	2
123.158631996	3
123.159631996	1
123.160631996	0
123.161631996	1
123.162631996	1
123.163631996	0
123.164631996	4
123.165631996	0
123.166631996	2
123.167631996	6
123.168631996	3
123.169631996	2
123.170631996	4
123.171631996	0
123.172631996	0
123.173631996	2
123.174631996	4
123.175631996	4
123.176631996	3
123.177631996	4
123.178631996	0
123.179631996	0
123.180631996	1
123.181631996	1
123.182631996	1
123.183631996	3
123.184631996	4
123.185631996	2
123.186631996	5
123.187631996	2
123.188631996	3
123.189631996	2
123.190631996	3
123.191631996	2
123.192631996	4
123.193631996	3
123.194631996	3
123.195631996	0
123.196631996	3
123.197631996	3
123.198631996	4
123.199631996	2
123.200631996	3
123.201631996	3
123.202631996	4
123.203631996	3
123.204631996	2
123.205631996	1
123.206631996	3
123.207631996	4
123.208631996	0
123.209631996	5
123.210631996	3
123.211631996	2
123.212631996	4
123.213631996	4
123.214631996	3
123.215631996	3
123.216631996	3
123.217631996	3
123.218631996	1
123.219631996	2
123.220631996	1
123.221631996	0
123.222631996	1
123.223631996	1
123.224631996	2
123.225631996	2
123.226631996	0
123.227631996	1
123.228631996	4
123.229631996	4
123.230631996	2
123.231631996	3
123.232631996	4
123.233631996	4
123.234631996	3
123.235631996	1
123.236631996	2
123.237631996	2
123.238631996	1
123.239631996	3
123.240631996	3
123.241631996	4
123.242631996	4
123.243631996	4
123.244631996	4
123.245631996	6
123.246631996	1
123.247631996	3
123.248631996	2
123.249631996	1
123.250631996	3
123.251631996	2
123.252631996	4
123.253631996	3
123.254631996	2
123.255631996	1
123.256631996	6
123.257631996	2
123.258631996	3
123.259631996	2
123.260631996	3
123.261631996	2
123.262631996	2
123.263631996	2
123.264631996	2
123.265631996	3
123.266631996	5
123.267631996	3
123.268631996	0
123.269631996	2
123.270631996	3
123.271631996	2
123.272631996	5
123.273631996	3
123.274631996	7
123.275631996	4
123.276631996	6
123.277631996	3
123.278631996	1
123.279631996	6
123.280631996	7
123.281631996	2
123.282631996	2
123.283631996	2
123.284631996	4
123.285631996	4
123.286631996	1
123.287631996	5
123.288631996	2
123.289631996	5
123.290631996	1
123.291631996	6
123.292631996	4
123.293631996	3
123.294631996	10
123.295631996	4
123.296631996	7
123.297631996	2
123.298631996	9
123.299631996	6
123.300631996	4
123.301631996	1
123.302631996	1
123.303631996	4
123.304631996	3
123.305631996	3
123.306631996	3
123.307631996	2
123.308631996	3
123.309631996	7
123.310631996	3
123.311631996	5
123.312631996	7
123.313631996	5
123.314631996	6
123.315631996	0
123.316631996	2
123.317631996	2
123.318631996	10
123.319631996	4
123.320631996	3
123.321631996	1
123.322631996	1
123.323631996	3
123.324631996	3
123.325631996	6
123.326631996	3
123.327631996	2
123.328631996	1
123.329631996	7
123.330631996	5
123.331631996	4
123.332631996	4
123.333631996	0
123.334631996	2
123.335631996	5
123.336631996	2
123.337631996	7
123.338631996	2
123.339631996	2
123.340631996	2
123.341631996	3
123.342631996	1
123.343631996	2
123.344631996	6
123.345631996	3
123.346631996	2
123.347631996	3
123.348631996	1
123.349631996	1
123.350631996	3
123.351631996	3
123.352631996	4
123.353631996	4
123.354631996	2
123.355631996	4
123.356631996	3
123.357631996	4
123.358631996	1
123.359631996	1
123.360631996	6
123.361631996	5
123.362631996	8
123.363631996	3
123.364631996	7
123.365631996	2
123.366631996	2
123.367631996	2
123.368631996	4
123.369631996	5
123.370631996	4
123.371631996	3
123.372631996	8
123.373631996	1
123.374631996	4
123.375631996	7
123.376631996	2
123.377631996	1
123.378631996	4
123.379631996	4
123.380631996	1
123.381631996	2
123.382631996	5
123.383631996	4
123.384631996	5
123.385631996	3
123.386631996	10
123.387631996	3
123.388631996	4
123.389631996	9
123.390631996	11
123.391631996	5
123.392631996	7
123.393631996	7
123.394631996	11
123.395631996	11
123.396631996	7
123.397631996	11
123.398631996	7
123.399631996	3
123.400631996	8
123.401631996	9
123.402631996	5
123.403631996	6
123.404631996	7
123.405631996	5
123.406631996	8
123.407631996	3
123.408631996	6
123.409631996	7
123.410631996	12
123.411631996	9
123.412631996	6
123.413631996	2
123.414631996	5
123.415631996	2
123.416631996	3
123.417631996	6
123.418631996	3
123.419631996	1
123.420631996	4
123.421631996	7
123.422631996	3
123.423631996	4
123.424631996	9
123.425631996	0
123.426631996	6
123.427631996	3
123.428631996	1
123.429631996	1
123.430631996	4
123.431631996	0
123.432631996	0
123.433631996	2
123.434631996	6
123.435631996	1
123.436631996	0
123.437631996	5
123.438631996	5
123.439631996	1
123.440631996	6
123.441631996	2
123.442631996	2
123.443631996	5
123.444631996	2
123.445631996	1
123.446631996	1
123.447631996	6
123.448631996	6
123.449631996	6
123.450631996	4
123.451631996	3
123.452631996	6
123.453631996	3
123.454631996	4
123.455631996	5
