143.51584402	21
143.52084402	15
143.52584402	15
143.53084402	19
143.53584402	15
143.54084402	15
143.54584402	19
143.55084402	16
143.55584402	18
143.56084402	25
143.56584402	12
143.57084402	18
143.57584402	11
143.58084402	15
143.58584402	17
143.59084402	12
143.59584402	18
143.60084402	12
143.60584402	22
143.61084402	19
143.61584402	13
143.62084402	20
143.62584402	14
143.63084402	14
143.63584402	16
143.64084402	20
143.64584402	20
143.65084402	21
143.65584402	17
143.66084402	18
143.66584402	19
143.67084402	21
143.67584402	30
143.68084402	20
143.68584402	20
143.69084402	16
143.69584402	28
143.70084402	19
143.70584402	17
143.71084402	17
143.71584402	19
143.72084402	11
143.72584402	17
143.73084402	20
143.73584402	17
143.74084402	19
143.74584402	26
143.75084402	24
143.75584402	9
143.76084402	12
143.76584402	19
143.77084402	18
143.77584402	17
143.78084402	20
143.78584402	13
143.79084402	15
143.79584402	29
143.80084402	16
143.80584402	21
143.81084402	21
143.81584402	21
143.82084402	17
143.82584402	20
143.83084402	27
143.83584402	9
143.84084402	19
143.84584402	13
143.85084402	8
143.85584402	9
143.86084402	15
143.86584402	9
143.87084402	29
143.87584402	14
143.88084402	26
143.88584402	15
143.89084402	16
143.89584402	24
143.90084402	14
143.90584402	12
143.91084402	7
143.91584402	27
143.92084402	19
143.92584402	25
143.93084402	15
143.93584402	15
143.94084402	20
143.94584402	13
143.95084402	17
143.95584402	12
143.96084402	17
143.96584402	14
143.97084402	23
143.97584402	13
143.98084402	13
143.98584402	19
143.99084402	18
143.99584402	13
144.00084402	16
144.00584402	16
144.01084402	20
144.01584402	17
144.02084402	21
144.02584402	20
144.03084402	16
144.03584402	22
144.04084402	17
144.04584402	25
144.05084402	15
144.05584402	24
144.06084402	13
144.06584402	11
144.07084402	24
144.07584402	6
144.08084402	10
144.08584402	18
144.09084402	20
144.09584402	26
144.10084402	18
144.10584402	17
144.11084402	13
144.11584402	17
144.12084402	12
144.12584402	20
144.13084402	16
144.13584402	14
144.14084402	26
144.14584402	17
144.15084402	14
144.15584402	16
144.16084402	17
144.16584402	10
144.17084402	17
144.17584402	10
144.18084402	23
144.18584402	21
144.19084402	17
144.19584402	16
144.20084402	13
144.20584402	23
144.21084402	18
144.21584402	14
144.22084402	14
144.22584402	15
144.23084402	25
144.23584402	21
144.24084402	20
144.24584402	19
144.25084402	18
144.25584402	17
144.26084402	12
144.26584402	21
144.27084402	19
144.27584402	25
144.28084402	19
144.28584402	17
144.29084402	21
144.29584402	13
144.30084402	17
144.30584402	19
144.31084402	25
144.31584402	32
144.32084402	39
144.32584402	61
144.33084402	58
144.33584402	32
144.34084402	46
144.34584402	26
144.35084402	23
144.35584402	35
144.36084402	44
144.36584402	16
144.37084402	23
144.37584402	28
144.38084402	18
144.38584402	18
144.39084402	24
144.39584402	30
144.40084402	17
144.40584402	20
144.41084402	14
144.41584402	15
144.42084402	16
144.42584402	20
144.43084402	17
144.43584402	14
144.44084402	13
144.44584402	20
144.45084402	18
144.45584402	15
144.46084402	15
144.46584402	16
144.47084402	18
144.47584402	19
144.48084402	17
144.48584402	19
144.49084402	9
144.49584402	17
144.50084402	19
144.50584402	11
144.51084402	21
144.51584402	20
144.52084402	26
144.52584402	56
144.53084402	43
144.53584402	22
144.54084402	28
144.54584402	26
144.55084402	18
144.55584402	21
144.56084402	22
144.56584402	26
144.57084402	17
144.57584402	20
144.58084402	15
144.58584402	12
144.59084402	24
144.59584402	27
144.60084402	26
144.60584402	21
144.61084402	30
144.61584402	14
144.62084402	15
144.62584402	15
144.63084402	21
144.63584402	27
144.64084402	20
144.64584402	18
144.65084402	17
144.65584402	22
144.66084402	18
144.66584402	21
144.67084402	19
144.67584402	23
144.68084402	9
144.68584402	19
144.69084402	21
144.69584402	15
144.70084402	27
144.70584402	13
144.71084402	17
144.71584402	20
144.72084402	20
144.72584402	27
144.73084402	18
144.73584402	16
144.74084402	16
144.74584402	17
144.75084402	14
144.75584402	15
144.76084402	16
144.76584402	23
144.77084402	19
144.77584402	15
144.78084402	18
144.78584402	17
144.79084402	23
144.79584402	27
144.80084402	20
144.80584402	27
144.81084402	15
144.81584402	19
144.82084402	18
144.82584402	21
144.83084402	48
144.83584402	92
144.84084402	37
144.84584402	40
144.85084402	32
144.85584402	31
144.86084402	26
144.86584402	23
144.87084402	31
144.87584402	22
144.88084402	22
144.88584402	21
144.89084402	18
144.89584402	23
144.90084402	27
144.90584402	19
144.91084402	11
144.91584402	14
144.92084402	10
144.92584402	32
144.93084402	22
144.93584402	18
144.94084402	15
144.94584402	20
144.95084402	18
144.95584402	21
144.96084402	27
144.96584402	19
144.97084402	19
144.97584402	20
144.98084402	14
144.98584402	26
144.99084402	18
144.99584402	28
145.00084402	22
145.00584402	23
145.01084402	27
145.01584402	27
145.02084402	22
145.02584402	27
145.03084402	19
145.03584402	32
145.04084402	27
145.04584402	20
145.05084402	23
145.05584402	21
145.06084402	21
145.06584402	24
145.07084402	22
145.07584402	26
145.08084402	23
145.08584402	15
145.09084402	17
145.09584402	13
145.10084402	21
145.10584402	22
145.11084402	23
145.11584402	22
145.12084402	16
145.12584402	16
145.13084402	29
145.13584402	17
145.14084402	19
145.14584402	11
145.15084402	18
145.15584402	15
145.16084402	13
145.16584402	14
145.17084402	17
145.17584402	12
145.18084402	22
145.18584402	20
145.19084402	19
145.19584402	14
145.20084402	24
145.20584402	19
145.21084402	18
145.21584402	11
145.22084402	21
145.22584402	25
145.23084402	19
145.23584402	18
145.24084402	17
145.24584402	17
145.25084402	24
145.25584402	20
145.26084402	17
145.26584402	15
145.27084402	23
145.27584402	16
145.28084402	12
145.28584402	11
145.29084402	23
145.29584402	12
145.30084402	17
145.30584402	16
145.31084402	18
145.31584402	16
145.32084402	23
145.32584402	29
145.33084402	28
145.33584402	22
145.34084402	21
145.34584402	18
145.35084402	16
145.35584402	13
145.36084402	18
145.36584402	20
145.37084402	17
145.37584402	19
145.38084402	21
145.38584402	14
145.39084402	18
145.39584402	14
145.40084402	13
145.40584402	20
145.41084402	10
145.41584402	15
145.42084402	14
145.42584402	15
145.43084402	20
145.43584402	17
145.44084402	23
145.44584402	14
145.45084402	16
145.45584402	19
145.46084402	18
145.46584402	14
145.47084402	17
145.47584402	15
145.48084402	27
145.48584402	20
145.49084402	22
145.49584402	16
145.50084402	20
145.50584402	19
