169.226635995	7
169.231635995	14
169.236635995	6
169.241635995	11
169.246635995	8
169.251635995	13
169.256635995	15
169.261635995	7
169.266635995	12
169.271635995	10
169.276635995	7
169.281635995	15
169.286635995	9
169.291635995	15
169.296635995	14
169.301635995	7
169.306635995	13
169.311635995	5
169.316635995	9
169.321635995	10
169.326635995	11
169.331635995	14
169.336635995	8
169.341635995	14
169.346635995	14
169.351635995	17
169.356635995	10
169.361635995	12
169.366635995	10
169.371635995	9
169.376635995	9
169.381635995	14
169.386635995	10
169.391635995	7
169.396635995	6
169.401635995	9
169.406635995	10
169.411635995	10
169.416635995	6
169.421635995	6
169.426635995	5
169.431635995	9
169.436635995	14
169.441635995	6
169.446635995	7
169.451635995	17
169.456635995	12
169.461635995	13
169.466635995	13
169.471635995	7
169.476635995	10
169.481635995	10
169.486635995	17
169.491635995	12
169.496635995	9
169.501635995	7
169.506635995	12
169.511635995	8
169.516635995	12
169.521635995	13
169.526635995	13
169.531635995	8
169.536635995	12
169.541635995	11
169.546635995	10
169.551635995	8
169.556635995	12
169.561635995	9
169.566635995	6
169.571635995	7
169.576635995	11
169.581635995	9
169.586635995	9
169.591635995	8
169.596635995	9
169.601635995	7
169.606635995	10
169.611635995	8
169.616635995	5
169.621635995	8
169.626635995	8
169.631635995	10
169.636635995	9
169.641635995	14
169.646635995	7
169.651635995	9
169.656635995	8
169.661635995	10
169.666635995	10
169.671635995	12
169.676635995	3
169.681635995	9
169.686635995	15
169.691635995	5
169.696635995	9
169.701635995	12
169.706635995	12
169.711635995	8
169.716635995	7
169.721635995	9
169.726635995	4
169.731635995	10
169.736635995	13
169.741635995	10
169.746635995	9
169.751635995	9
169.756635995	3
169.761635995	12
169.766635995	7
169.771635995	7
169.776635995	10
169.781635995	11
169.786635995	9
169.791635995	10
169.796635995	9
169.801635995	11
169.806635995	10
169.811635995	12
169.816635995	10
169.821635995	10
169.826635995	14
169.831635995	6
169.836635995	13
169.841635995	15
169.846635995	7
169.851635995	16
169.856635995	14
169.861635995	17
169.866635995	6
169.871635995	10
169.876635995	11
169.881635995	8
169.886635995	10
169.891635995	4
169.896635995	3
169.901635995	4
169.906635995	10
169.911635995	7
169.916635995	10
169.921635995	10
169.926635995	7
169.931635995	8
169.936635995	6
169.941635995	9
169.946635995	6
169.951635995	6
169.956635995	5
169.961635995	11
169.966635995	7
169.971635995	5
169.976635995	10
169.981635995	7
169.986635995	8
169.991635995	9
169.996635995	10
170.001635995	8
170.006635995	11
170.011635995	27
170.016635995	34
170.021635995	26
170.026635995	28
170.031635995	29
170.036635995	22
170.041635995	24
170.046635995	14
170.051635995	24
170.056635995	22
170.061635995	21
170.066635995	26
170.071635995	29
170.076635995	35
170.081635995	40
170.086635995	18
170.091635995	27
170.096635995	36
170.101635995	34
170.106635995	27
170.111635995	20
170.116635995	17
170.121635995	22
170.126635995	22
170.131635995	33
170.136635995	23
170.141635995	23
170.146635995	25
170.151635995	36
170.156635995	24
170.161635995	30
170.166635995	17
170.171635995	17
170.176635995	17
170.181635995	15
170.186635995	18
170.191635995	19
170.196635995	14
170.201635995	16
170.206635995	15
170.211635995	17
170.216635995	19
170.221635995	31
170.226635995	17
170.231635995	20
170.236635995	13
170.241635995	11
170.246635995	12
170.251635995	18
170.256635995	14
170.261635995	13
170.266635995	22
170.271635995	23
170.276635995	12
170.281635995	10
170.286635995	7
170.291635995	10
170.296635995	14
170.301635995	8
170.306635995	13
170.311635995	6
170.316635995	10
170.321635995	9
170.326635995	11
170.331635995	6
170.336635995	7
170.341635995	11
170.346635995	8
170.351635995	8
170.356635995	14
170.361635995	7
170.366635995	7
170.371635995	7
170.376635995	6
170.381635995	13
170.386635995	7
170.391635995	8
170.396635995	13
170.401635995	9
170.406635995	9
170.411635995	12
170.416635995	12
170.421635995	12
170.426635995	9
170.431635995	11
170.436635995	9
170.441635995	11
170.446635995	12
170.451635995	12
170.456635995	12
170.461635995	11
170.466635995	12
170.471635995	1
170.476635995	9
170.481635995	15
170.486635995	17
170.491635995	10
170.496635995	7
170.501635995	11
170.506635995	12
170.511635995	8
170.516635995	10
170.521635995	5
170.526635995	15
170.531635995	15
170.536635995	15
170.541635995	10
170.546635995	13
170.551635995	13
170.556635995	8
170.561635995	14
170.566635995	6
170.571635995	16
170.576635995	7
170.581635995	16
170.586635995	6
170.591635995	8
170.596635995	9
170.601635995	11
170.606635995	8
170.611635995	9
170.616635995	14
170.621635995	16
170.626635995	12
170.631635995	8
170.636635995	6
170.641635995	12
170.646635995	7
170.651635995	9
170.656635995	9
170.661635995	10
170.666635995	10
170.671635995	7
170.676635995	10
170.681635995	10
170.686635995	7
170.691635995	7
170.696635995	8
170.701635995	11
170.706635995	12
170.711635995	7
170.716635995	16
170.721635995	11
170.726635995	11
170.731635995	7
170.736635995	14
170.741635995	10
170.746635995	11
170.751635995	14
170.756635995	7
170.761635995	13
170.766635995	5
170.771635995	8
170.776635995	9
170.781635995	5
170.786635995	6
170.791635995	10
170.796635995	11
170.801635995	12
170.806635995	8
170.811635995	16
170.816635995	12
170.821635995	14
170.826635995	13
170.831635995	9
170.836635995	9
170.841635995	8
170.846635995	8
170.851635995	13
170.856635995	5
170.861635995	7
170.866635995	11
170.871635995	8
170.876635995	8
170.881635995	6
170.886635995	6
170.891635995	13
170.896635995	9
170.901635995	9
170.906635995	5
170.911635995	11
170.916635995	9
170.921635995	11
170.926635995	14
170.931635995	11
170.936635995	13
170.941635995	7
170.946635995	7
170.951635995	8
170.956635995	11
170.961635995	12
170.966635995	17
170.971635995	10
170.976635995	10
170.981635995	9
170.986635995	7
170.991635995	15
170.996635995	16
171.001635995	7
171.006635995	11
171.011635995	10
171.016635995	9
171.021635995	7
171.026635995	10
171.031635995	14
171.036635995	6
171.041635995	16
171.046635995	11
171.051635995	14
171.056635995	9
171.061635995	15
171.066635995	14
171.071635995	10
171.076635995	7
171.081635995	10
171.086635995	8
171.091635995	8
171.096635995	10
171.101635995	13
171.106635995	8
171.111635995	6
171.116635995	10
171.121635995	16
171.126635995	13
171.131635995	11
171.136635995	12
171.141635995	18
171.146635995	9
171.151635995	16
171.156635995	8
171.161635995	12
171.166635995	9
171.171635995	3
171.176635995	7
171.181635995	10
171.186635995	8
171.191635995	8
171.196635995	9
171.201635995	11
171.206635995	8
171.211635995	7
171.216635995	9
171.221635995	14
171.226635995	11
171.231635995	4
171.236635995	7
171.241635995	8
171.246635995	10
171.251635995	15
171.256635995	8
171.261635995	11
171.266635995	17
171.271635995	10
171.276635995	8
171.281635995	8
171.286635995	6
171.291635995	15
171.296635995	8
171.301635995	16
171.306635995	7
171.311635995	12
171.316635995	8
171.321635995	11
171.326635995	9
171.331635995	13
171.336635995	9
171.341635995	9
171.346635995	10
171.351635995	16
171.356635995	9
171.361635995	6
171.366635995	11
171.371635995	10
171.376635995	11
171.381635995	5
171.386635995	10
171.391635995	10
171.396635995	13
171.401635995	7
171.406635995	8
171.411635995	11
171.416635995	10
171.421635995	10
171.426635995	11
171.431635995	13
171.436635995	7
171.441635995	11
171.446635995	15
171.451635995	12
171.456635995	14
171.461635995	9
171.466635995	14
171.471635995	10
171.476635995	10
171.481635995	11
171.486635995	10
171.491635995	9
171.496635995	14
171.501635995	12
171.506635995	8
171.511635995	11
171.516635995	11
171.521635995	10
171.526635995	9
171.531635995	14
171.536635995	6
171.541635995	9
171.546635995	11
171.551635995	15
171.556635995	12
171.561635995	6
171.566635995	2
171.571635995	9
171.576635995	8
171.581635995	13
171.586635995	7
171.591635995	10
171.596635995	9
171.601635995	10
171.606635995	5
171.611635995	12
171.616635995	11
171.621635995	5
171.626635995	9
171.631635995	11
171.636635995	4
171.641635995	8
171.646635995	11
171.651635995	11
171.656635995	9
171.661635995	9
171.666635995	4
171.671635995	8
171.676635995	9
171.681635995	9
171.686635995	6
171.691635995	13
171.696635995	5
171.701635995	13
171.706635995	14
171.711635995	8
171.716635995	5
171.721635995	12
171.726635995	11
171.731635995	14
171.736635995	7
171.741635995	13
171.746635995	17
171.751635995	16
171.756635995	13
171.761635995	10
171.766635995	8
171.771635995	11
171.776635995	9
171.781635995	13
171.786635995	9
171.791635995	16
171.796635995	6
171.801635995	10
171.806635995	10
171.811635995	14
171.816635995	10
171.821635995	7
171.826635995	5
171.831635995	8
171.836635995	6
171.841635995	9
171.846635995	13
171.851635995	13
171.856635995	10
171.861635995	10
171.866635995	5
171.871635995	12
171.876635995	7
171.881635995	12
171.886635995	14
171.891635995	7
171.896635995	9
171.901635995	18
171.906635995	12
171.911635995	6
171.916635995	12
171.921635995	7
171.926635995	8
171.931635995	11
171.936635995	5
171.941635995	6
171.946635995	10
171.951635995	13
171.956635995	7
171.961635995	8
171.966635995	11
171.971635995	8
171.976635995	11
171.981635995	10
171.986635995	9
171.991635995	6
171.996635995	7
172.001635995	12
172.006635995	8
172.011635995	11
172.016635995	9
172.021635995	7
172.026635995	7
172.031635995	7
172.036635995	7
172.041635995	15
172.046635995	8
172.051635995	14
172.056635995	8
172.061635995	10
172.066635995	9
172.071635995	12
172.076635995	11
172.081635995	8
172.086635995	10
172.091635995	9
172.096635995	13
172.101635995	8
172.106635995	9
172.111635995	8
172.116635995	9
172.121635995	13
172.126635995	13
172.131635995	7
172.136635995	9
172.141635995	9
172.146635995	11
172.151635995	13
172.156635995	9
172.161635995	9
172.166635995	14
172.171635995	3
172.176635995	8
172.181635995	8
172.186635995	8
172.191635995	8
172.196635995	11
172.201635995	7
172.206635995	10
172.211635995	14
172.216635995	17
172.221635995	8
172.226635995	8
172.231635995	8
172.236635995	8
172.241635995	5
172.246635995	15
172.251635995	6
172.256635995	11
172.261635995	2
172.266635995	6
172.271635995	10
172.276635995	6
172.281635995	15
172.286635995	11
172.291635995	13
172.296635995	13
172.301635995	9
172.306635995	8
172.311635995	10
172.316635995	7
172.321635995	9
172.326635995	7
172.331635995	7
172.336635995	9
172.341635995	15
172.346635995	15
172.351635995	9
172.356635995	11
172.361635995	4
172.366635995	11
172.371635995	8
172.376635995	14
172.381635995	9
172.386635995	14
172.391635995	10
172.396635995	3
172.401635995	8
172.406635995	12
172.411635995	12
172.416635995	15
172.421635995	16
172.426635995	10
172.431635995	7
172.436635995	9
172.441635995	8
172.446635995	8
172.451635995	5
172.456635995	5
172.461635995	14
172.466635995	9
172.471635995	14
172.476635995	10
172.481635995	10
172.486635995	6
172.491635995	8
172.496635995	8
172.501635995	11
172.506635995	7
172.511635995	6
172.516635995	11
172.521635995	6
172.526635995	11
172.531635995	10
172.536635995	9
172.541635995	8
172.546635995	7
172.551635995	13
172.556635995	12
172.561635995	11
172.566635995	2
172.571635995	12
172.576635995	6
172.581635995	9
172.586635995	10
172.591635995	12
172.596635995	10
172.601635995	8
172.606635995	14
172.611635995	8
172.616635995	10
172.621635995	3
172.626635995	13
172.631635995	7
172.636635995	4
172.641635995	7
172.646635995	7
172.651635995	9
172.656635995	9
172.661635995	12
172.666635995	10
172.671635995	9
172.676635995	9
172.681635995	11
172.686635995	14
172.691635995	9
172.696635995	7
172.701635995	7
172.706635995	13
172.711635995	5
172.716635995	5
172.721635995	5
172.726635995	7
172.731635995	7
172.736635995	12
172.741635995	9
172.746635995	9
172.751635995	7
172.756635995	14
172.761635995	7
172.766635995	13
172.771635995	9
172.776635995	11
172.781635995	8
172.786635995	10
172.791635995	5
172.796635995	9
172.801635995	12
172.806635995	9
172.811635995	16
172.816635995	8
172.821635995	11
172.826635995	9
172.831635995	8
172.836635995	16
172.841635995	6
172.846635995	13
172.851635995	12
172.856635995	8
172.861635995	11
172.866635995	12
172.871635995	11
172.876635995	8
172.881635995	12
172.886635995	6
172.891635995	13
172.896635995	10
172.901635995	7
172.906635995	12
172.911635995	16
172.916635995	8
172.921635995	6
172.926635995	12
172.931635995	8
172.936635995	6
172.941635995	8
172.946635995	6
172.951635995	9
172.956635995	5
172.961635995	10
172.966635995	9
172.971635995	11
172.976635995	13
172.981635995	10
172.986635995	15
172.991635995	7
172.996635995	5
173.001635995	14
173.006635995	12
173.011635995	6
173.016635995	12
173.021635995	14
173.026635995	6
173.031635995	14
173.036635995	15
173.041635995	12
173.046635995	13
173.051635995	11
173.056635995	9
173.061635995	11
173.066635995	10
173.071635995	7
173.076635995	4
173.081635995	8
173.086635995	9
173.091635995	10
173.096635995	8
173.101635995	12
173.106635995	13
173.111635995	7
173.116635995	8
173.121635995	13
173.126635995	10
173.131635995	9
173.136635995	9
173.141635995	11
173.146635995	9
173.151635995	15
173.156635995	14
173.161635995	9
173.166635995	11
173.171635995	10
173.176635995	8
173.181635995	10
173.186635995	5
173.191635995	13
173.196635995	11
173.201635995	9
173.206635995	11
173.211635995	12
173.216635995	15
173.221635995	9
173.226635995	8
173.231635995	10
173.236635995	8
173.241635995	8
173.246635995	10
173.251635995	6
173.256635995	10
173.261635995	8
173.266635995	3
173.271635995	10
173.276635995	12
173.281635995	4
173.286635995	6
173.291635995	12
173.296635995	13
173.301635995	8
173.306635995	7
173.311635995	9
173.316635995	10
173.321635995	12
173.326635995	9
173.331635995	13
173.336635995	16
173.341635995	8
173.346635995	12
173.351635995	8
173.356635995	16
173.361635995	5
173.366635995	14
173.371635995	8
173.376635995	12
173.381635995	11
173.386635995	14
173.391635995	11
173.396635995	14
173.401635995	9
173.406635995	11
173.411635995	11
173.416635995	17
173.421635995	9
173.426635995	11
173.431635995	9
173.436635995	7
173.441635995	9
173.446635995	4
173.451635995	6
173.456635995	8
173.461635995	14
173.466635995	10
