248.595984018	2
248.596984018	3
248.597984018	4
248.598984018	4
248.599984018	8
248.600984018	3
248.601984018	3
248.602984018	1
248.603984018	7
248.604984018	3
248.605984018	4
248.606984018	5
248.607984018	3
248.608984018	2
248.609984018	1
248.610984018	6
248.611984018	3
248.612984018	8
248.613984018	5
248.614984018	1
248.615984018	6
248.616984018	4
248.617984018	4
248.618984018	1
248.619984018	4
248.620984018	4
248.621984018	7
248.622984018	3
248.623984018	2
248.624984018	0
248.625984018	5
248.626984018	2
248.627984018	4
248.628984018	4
248.629984018	3
248.630984018	6
248.631984018	7
248.632984018	2
248.633984018	4
248.634984018	4
248.635984018	4
248.636984018	4
248.637984018	6
248.638984018	1
248.639984018	1
248.640984018	4
248.641984018	3
248.642984018	5
248.643984018	3
248.644984018	6
248.645984018	2
248.646984018	1
248.647984018	1
248.648984018	5
248.649984018	4
248.650984018	1
248.651984018	4
248.652984018	2
248.653984018	1
248.654984018	7
248.655984018	2
248.656984018	3
248.657984018	5
248.658984018	6
248.659984018	3
248.660984018	5
248.661984018	8
248.662984018	6
248.663984018	4
248.664984018	8
248.665984018	5
248.666984018	7
248.667984018	4
248.668984018	6
248.669984018	6
248.670984018	6
248.671984018	10
248.672984018	12
248.673984018	19
248.674984018	20
248.675984018	15
248.676984018	32
248.677984018	33
248.678984018	33
248.679984018	46
248.680984018	40
248.681984018	38
248.682984018	62
248.683984018	73
248.684984018	83
248.685984018	101
248.686984018	94
248.687984018	91
248.688984018	73
248.689984018	59
248.690984018	55
248.691984018	39
248.692984018	32
248.693984018	27
248.694984018	39
248.695984018	32
248.696984018	33
248.697984018	32
248.698984018	39
248.699984018	39
248.700984018	57
248.701984018	70
248.702984018	89
248.703984018	63
248.704984018	71
248.705984018	57
248.706984018	40
248.707984018	37
248.708984018	29
248.709984018	28
248.710984018	22
248.711984018	26
248.712984018	31
248.713984018	20
248.714984018	27
248.715984018	16
248.716984018	17
248.717984018	30
248.718984018	14
248.719984018	14
248.720984018	17
248.721984018	10
248.722984018	11
248.723984018	11
248.724984018	15
248.725984018	12
248.726984018	18
248.727984018	19
248.728984018	21
248.729984018	25
248.730984018	14
248.731984018	18
248.732984018	14
248.733984018	12
248.734984018	15
248.735984018	11
248.736984018	9
248.737984018	11
248.738984018	7
248.739984018	14
248.740984018	11
248.741984018	12
248.742984018	6
248.743984018	8
248.744984018	9
248.745984018	6
248.746984018	4
248.747984018	8
248.748984018	6
248.749984018	3
248.750984018	7
248.751984018	7
248.752984018	9
248.753984018	5
248.754984018	5
248.755984018	9
248.756984018	10
248.757984018	5
248.758984018	8
248.759984018	12
248.760984018	13
248.761984018	7
248.762984018	7
248.763984018	7
248.764984018	9
248.765984018	5
248.766984018	6
248.767984018	6
248.768984018	7
248.769984018	5
248.770984018	6
248.771984018	9
248.772984018	10
248.773984018	10
248.774984018	5
248.775984018	8
248.776984018	4
248.777984018	4
248.778984018	4
248.779984018	7
248.780984018	7
248.781984018	7
248.782984018	4
248.783984018	6
248.784984018	8
248.785984018	8
248.786984018	7
248.787984018	7
248.788984018	9
248.789984018	7
248.790984018	3
248.791984018	8
248.792984018	3
248.793984018	2
248.794984018	4
248.795984018	6
248.796984018	6
248.797984018	0
248.798984018	6
248.799984018	4
248.800984018	5
248.801984018	8
248.802984018	1
248.803984018	7
248.804984018	5
248.805984018	1
248.806984018	2
248.807984018	2
248.808984018	2
248.809984018	1
248.810984018	4
248.811984018	2
248.812984018	4
248.813984018	4
248.814984018	2
248.815984018	7
248.816984018	3
248.817984018	5
248.818984018	4
248.819984018	5
248.820984018	4
248.821984018	9
248.822984018	6
248.823984018	2
248.824984018	3
248.825984018	6
248.826984018	2
248.827984018	4
248.828984018	2
248.829984018	2
248.830984018	5
248.831984018	0
248.832984018	4
248.833984018	2
248.834984018	2
248.835984018	5
248.836984018	4
248.837984018	1
248.838984018	2
248.839984018	1
248.840984018	4
248.841984018	8
248.842984018	2
248.843984018	3
248.844984018	6
248.845984018	4
248.846984018	4
248.847984018	4
248.848984018	3
248.849984018	3
248.850984018	6
248.851984018	3
248.852984018	3
248.853984018	6
248.854984018	3
248.855984018	5
248.856984018	3
248.857984018	5
248.858984018	3
248.859984018	5
248.860984018	4
248.861984018	3
248.862984018	4
248.863984018	0
248.864984018	1
248.865984018	2
248.866984018	2
248.867984018	3
248.868984018	4
248.869984018	3
248.870984018	3
248.871984018	5
248.872984018	3
248.873984018	3
248.874984018	3
248.875984018	2
248.876984018	2
248.877984018	0
248.878984018	3
248.879984018	5
248.880984018	1
248.881984018	2
248.882984018	5
248.883984018	2
248.884984018	1
248.885984018	1
248.886984018	2
248.887984018	3
248.888984018	4
248.889984018	4
248.890984018	2
248.891984018	5
248.892984018	1
248.893984018	7
248.894984018	3
248.895984018	5
248.896984018	4
248.897984018	6
248.898984018	3
248.899984018	4
248.900984018	0
248.901984018	4
248.902984018	2
248.903984018	1
248.904984018	6
248.905984018	4
248.906984018	2
248.907984018	1
248.908984018	5
248.909984018	5
248.910984018	2
248.911984018	3
248.912984018	4
248.913984018	1
248.914984018	4
248.915984018	2
248.916984018	0
248.917984018	4
248.918984018	2
248.919984018	4
248.920984018	6
248.921984018	1
248.922984018	5
248.923984018	1
248.924984018	7
248.925984018	2
248.926984018	2
248.927984018	0
248.928984018	7
248.929984018	4
248.930984018	5
248.931984018	5
248.932984018	4
248.933984018	3
248.934984018	0
248.935984018	1
248.936984018	5
248.937984018	2
248.938984018	0
248.939984018	2
248.940984018	5
248.941984018	2
248.942984018	3
248.943984018	6
248.944984018	6
248.945984018	2
248.946984018	4
248.947984018	3
248.948984018	8
248.949984018	3
248.950984018	3
248.951984018	2
248.952984018	2
248.953984018	6
248.954984018	1
248.955984018	2
248.956984018	1
248.957984018	5
248.958984018	3
248.959984018	2
248.960984018	5
248.961984018	1
248.962984018	5
248.963984018	1
248.964984018	5
248.965984018	3
248.966984018	5
248.967984018	2
248.968984018	3
248.969984018	4
248.970984018	3
248.971984018	1
248.972984018	5
248.973984018	4
248.974984018	2
248.975984018	3
248.976984018	1
248.977984018	4
248.978984018	5
248.979984018	4
248.980984018	2
248.981984018	5
248.982984018	3
248.983984018	0
248.984984018	3
248.985984018	1
248.986984018	3
248.987984018	3
248.988984018	3
248.989984018	3
248.990984018	6
248.991984018	3
248.992984018	4
248.993984018	2
248.994984018	4
248.995984018	5
248.996984018	2
248.997984018	0
248.998984018	2
248.999984018	1
249.000984018	1
249.001984018	4
249.002984018	9
249.003984018	1
249.004984018	3
249.005984018	3
249.006984018	4
249.007984018	1
249.008984018	2
249.009984018	2
249.010984018	2
249.011984018	0
249.012984018	4
249.013984018	0
249.014984018	5
249.015984018	0
249.016984018	4
249.017984018	6
249.018984018	3
249.019984018	5
249.020984018	4
249.021984018	8
249.022984018	7
249.023984018	17
249.024984018	15
249.025984018	21
249.026984018	16
249.027984018	26
249.028984018	21
249.029984018	19
249.030984018	13
249.031984018	17
249.032984018	19
249.033984018	16
249.034984018	16
249.035984018	17
249.036984018	24
249.037984018	14
249.038984018	18
249.039984018	26
249.040984018	19
249.041984018	14
249.042984018	8
249.043984018	17
249.044984018	18
249.045984018	21
249.046984018	19
249.047984018	16
249.048984018	19
249.049984018	18
249.050984018	18
249.051984018	14
249.052984018	17
249.053984018	18
249.054984018	14
249.055984018	11
249.056984018	10
249.057984018	8
249.058984018	10
249.059984018	8
249.060984018	17
249.061984018	25
249.062984018	17
249.063984018	20
249.064984018	21
249.065984018	28
249.066984018	21
249.067984018	30
249.068984018	15
249.069984018	19
249.070984018	15
249.071984018	14
