227.093882001	8
227.094882001	3
227.095882001	4
227.096882001	2
227.097882001	4
227.098882001	3
227.099882001	3
227.100882001	6
227.101882001	5
227.102882001	10
227.103882001	9
227.104882001	2
227.105882001	7
227.106882001	7
227.107882001	5
227.108882001	8
227.109882001	5
227.110882001	10
227.111882001	6
227.112882001	6
227.113882001	7
227.114882001	4
227.115882001	6
227.116882001	4
227.117882001	3
227.118882001	3
227.119882001	3
227.120882001	9
227.121882001	6
227.122882001	5
227.123882001	11
227.124882001	5
227.125882001	4
227.126882001	4
227.127882001	4
227.128882001	7
227.129882001	13
227.130882001	8
227.131882001	3
227.132882001	8
227.133882001	3
227.134882001	9
227.135882001	7
227.136882001	7
227.137882001	6
227.138882001	4
227.139882001	4
227.140882001	5
227.141882001	4
227.142882001	5
227.143882001	5
227.144882001	3
227.145882001	8
227.146882001	4
227.147882001	7
227.148882001	5
227.149882001	8
227.150882001	10
227.151882001	10
227.152882001	9
227.153882001	10
227.154882001	6
227.155882001	10
227.156882001	10
227.157882001	5
227.158882001	5
227.159882001	7
227.160882001	7
227.161882001	5
227.162882001	3
227.163882001	7
227.164882001	7
227.165882001	9
227.166882001	10
227.167882001	6
227.168882001	6
227.169882001	8
227.170882001	10
227.171882001	3
227.172882001	7
227.173882001	11
227.174882001	6
227.175882001	7
227.176882001	9
227.177882001	9
227.178882001	8
227.179882001	22
227.180882001	26
227.181882001	36
227.182882001	99
227.183882001	213
227.184882001	374
227.185882001	367
227.186882001	338
227.187882001	331
227.188882001	330
227.189882001	326
227.190882001	311
227.191882001	291
227.192882001	227
227.193882001	220
227.194882001	285
227.195882001	329
227.196882001	338
227.197882001	364
227.198882001	327
227.199882001	325
227.200882001	343
227.201882001	331
227.202882001	340
227.203882001	332
227.204882001	331
227.205882001	321
227.206882001	331
227.207882001	311
227.208882001	331
227.209882001	330
227.210882001	330
227.211882001	290
227.212882001	280
227.213882001	261
227.214882001	225
227.215882001	213
227.216882001	214
227.217882001	168
227.218882001	176
227.219882001	154
227.220882001	115
227.221882001	140
227.222882001	125
227.223882001	98
227.224882001	129
227.225882001	100
227.226882001	91
227.227882001	101
227.228882001	88
227.229882001	79
227.230882001	101
227.231882001	94
227.232882001	84
227.233882001	86
227.234882001	89
227.235882001	77
227.236882001	68
227.237882001	98
227.238882001	96
227.239882001	133
227.240882001	117
227.241882001	133
227.242882001	127
227.243882001	125
227.244882001	100
227.245882001	72
227.246882001	90
227.247882001	74
227.248882001	76
227.249882001	84
227.250882001	69
227.251882001	59
227.252882001	69
227.253882001	55
227.254882001	53
227.255882001	52
227.256882001	60
227.257882001	60
227.258882001	80
227.259882001	58
227.260882001	65
227.261882001	63
227.262882001	56
227.263882001	60
227.264882001	57
227.265882001	53
227.266882001	53
227.267882001	39
227.268882001	60
227.269882001	39
227.270882001	39
227.271882001	43
227.272882001	46
227.273882001	37
227.274882001	32
227.275882001	48
227.276882001	38
227.277882001	33
227.278882001	35
227.279882001	39
227.280882001	34
227.281882001	36
227.282882001	31
227.283882001	43
227.284882001	49
227.285882001	38
227.286882001	51
227.287882001	66
227.288882001	67
227.289882001	80
227.290882001	118
227.291882001	136
227.292882001	117
227.293882001	132
227.294882001	117
227.295882001	111
227.296882001	109
227.297882001	102
227.298882001	108
227.299882001	117
227.300882001	132
227.301882001	129
227.302882001	125
227.303882001	106
227.304882001	114
227.305882001	133
227.306882001	111
227.307882001	105
227.308882001	92
227.309882001	70
227.310882001	67
227.311882001	73
227.312882001	54
227.313882001	61
227.314882001	62
227.315882001	50
227.316882001	57
227.317882001	40
227.318882001	47
227.319882001	49
227.320882001	39
227.321882001	37
227.322882001	36
227.323882001	39
227.324882001	28
227.325882001	30
227.326882001	54
227.327882001	36
227.328882001	21
227.329882001	34
227.330882001	38
227.331882001	43
227.332882001	38
227.333882001	42
227.334882001	40
227.335882001	30
227.336882001	32
227.337882001	36
227.338882001	47
227.339882001	38
227.340882001	34
227.341882001	39
227.342882001	39
227.343882001	35
227.344882001	43
227.345882001	49
227.346882001	41
227.347882001	36
227.348882001	45
227.349882001	58
227.350882001	52
227.351882001	49
227.352882001	53
227.353882001	58
227.354882001	46
227.355882001	50
227.356882001	50
227.357882001	52
227.358882001	47
227.359882001	35
227.360882001	36
227.361882001	33
227.362882001	40
227.363882001	36
227.364882001	35
227.365882001	24
227.366882001	39
227.367882001	32
227.368882001	32
227.369882001	43
227.370882001	39
227.371882001	33
227.372882001	30
227.373882001	41
227.374882001	43
227.375882001	26
227.376882001	34
227.377882001	33
227.378882001	29
227.379882001	33
227.380882001	39
227.381882001	28
227.382882001	33
227.383882001	21
227.384882001	40
227.385882001	23
227.386882001	26
227.387882001	24
227.388882001	26
227.389882001	30
227.390882001	33
227.391882001	36
227.392882001	28
227.393882001	30
227.394882001	34
227.395882001	33
227.396882001	38
227.397882001	41
227.398882001	42
227.399882001	51
227.400882001	65
227.401882001	55
227.402882001	55
227.403882001	46
227.404882001	48
227.405882001	46
227.406882001	38
227.407882001	35
227.408882001	43
227.409882001	39
227.410882001	29
227.411882001	30
227.412882001	25
227.413882001	25
227.414882001	25
227.415882001	31
227.416882001	25
227.417882001	35
227.418882001	17
227.419882001	31
227.420882001	27
227.421882001	28
227.422882001	19
227.423882001	37
227.424882001	38
227.425882001	31
227.426882001	35
227.427882001	41
227.428882001	32
227.429882001	32
227.430882001	41
227.431882001	34
227.432882001	39
227.433882001	28
227.434882001	18
227.435882001	35
227.436882001	26
227.437882001	24
227.438882001	19
227.439882001	19
227.440882001	20
227.441882001	14
227.442882001	30
227.443882001	22
227.444882001	17
227.445882001	7
227.446882001	18
227.447882001	20
227.448882001	14
227.449882001	33
227.450882001	30
227.451882001	32
227.452882001	26
227.453882001	29
227.454882001	24
227.455882001	26
227.456882001	37
227.457882001	25
227.458882001	30
227.459882001	25
227.460882001	32
227.461882001	17
227.462882001	26
227.463882001	29
227.464882001	26
227.465882001	20
227.466882001	34
227.467882001	26
227.468882001	18
227.469882001	21
227.470882001	24
227.471882001	17
227.472882001	14
227.473882001	16
227.474882001	17
227.475882001	11
227.476882001	14
227.477882001	20
227.478882001	14
227.479882001	13
227.480882001	13
227.481882001	15
227.482882001	12
227.483882001	16
227.484882001	4
227.485882001	17
227.486882001	22
227.487882001	21
227.488882001	14
227.489882001	15
227.490882001	17
227.491882001	18
227.492882001	16
227.493882001	10
227.494882001	15
227.495882001	8
227.496882001	22
227.497882001	13
227.498882001	12
227.499882001	14
227.500882001	17
227.501882001	5
227.502882001	8
227.503882001	11
227.504882001	15
227.505882001	7
227.506882001	10
227.507882001	13
227.508882001	11
227.509882001	11
227.510882001	12
227.511882001	11
227.512882001	15
227.513882001	14
227.514882001	20
227.515882001	13
227.516882001	15
227.517882001	12
227.518882001	10
227.519882001	14
227.520882001	20
227.521882001	12
227.522882001	9
227.523882001	12
227.524882001	11
227.525882001	11
227.526882001	10
227.527882001	7
227.528882001	8
227.529882001	12
227.530882001	16
227.531882001	15
227.532882001	18
227.533882001	11
227.534882001	11
227.535882001	16
227.536882001	13
227.537882001	14
227.538882001	9
227.539882001	9
227.540882001	14
227.541882001	19
227.542882001	18
227.543882001	23
227.544882001	32
227.545882001	44
227.546882001	39
227.547882001	32
227.548882001	30
227.549882001	38
227.550882001	28
227.551882001	37
227.552882001	29
227.553882001	38
227.554882001	32
227.555882001	38
227.556882001	24
227.557882001	36
227.558882001	33
227.559882001	29
227.560882001	26
227.561882001	21
227.562882001	34
227.563882001	24
227.564882001	14
227.565882001	19
227.566882001	13
227.567882001	18
227.568882001	14
227.569882001	18
227.570882001	11
227.571882001	15
227.572882001	10
227.573882001	13
227.574882001	13
227.575882001	14
227.576882001	15
227.577882001	7
227.578882001	11
227.579882001	11
227.580882001	18
227.581882001	10
227.582882001	11
227.583882001	10
227.584882001	9
227.585882001	13
227.586882001	16
227.587882001	12
227.588882001	13
227.589882001	16
227.590882001	17
227.591882001	21
227.592882001	13
227.593882001	24
227.594882001	17
227.595882001	16
227.596882001	19
227.597882001	12
227.598882001	8
227.599882001	11
227.600882001	10
227.601882001	14
227.602882001	11
227.603882001	14
227.604882001	15
227.605882001	7
227.606882001	17
227.607882001	15
227.608882001	13
227.609882001	13
227.610882001	11
227.611882001	7
227.612882001	7
227.613882001	7
227.614882001	15
227.615882001	9
227.616882001	14
227.617882001	7
227.618882001	8
227.619882001	8
227.620882001	9
227.621882001	8
227.622882001	13
227.623882001	5
227.624882001	12
227.625882001	10
227.626882001	12
227.627882001	14
227.628882001	10
227.629882001	12
227.630882001	10
227.631882001	10
227.632882001	6
227.633882001	6
227.634882001	4
227.635882001	11
227.636882001	11
227.637882001	10
227.638882001	8
227.639882001	8
227.640882001	13
227.641882001	7
227.642882001	7
227.643882001	10
227.644882001	14
227.645882001	11
227.646882001	12
227.647882001	12
227.648882001	9
227.649882001	16
227.650882001	6
227.651882001	13
227.652882001	11
227.653882001	7
